x,y,t,h
956,546,3.90000000002328,772446.5
956,545,4,772433.25
956,546,3.89999999996508,772446.5
956,544,4,772432
956,546,3.90000000002328,772446.5
957,547,3.89999999996508,772444
956,548,4,772448
957,548,3.90000000002328,772451.75
956,549,3.90000000002328,772449.25
955,549,4,772468
954,548,3.89999999996508,772470.5
952,551,3.90000000002328,772479.75
952,550,4,772476
952,551,3.89999999996508,772479.75
950,552,4,772566.5
951,552,3.90000000002328,772565.25
949,551,3.90000000002328,772390.5
951,551,4,772394.5
950,552,3.89999999996508,772566.5
950,552,3.90000000002328,772566.5
950,554,4,772562.5
949,554,3.89999999996508,772573.25
949,553,7.90000000002328,772568
948,554,3.90000000002328,772572
948,554,4,772572
947,555,7.79999999998836,772576
946,555,4,772577.25
947,554,3.89999999996508,772579.75
945,555,7.90000000002328,772590.5
945,553,3.90000000002328,772584
945,553,4,772584
943,553,7.79999999998836,772286.5
942,555,4,772275.75
942,556,3.89999999996508,772270.5
941,556,7.90000000002328,772257.25
941,554,3.90000000002328,772279.75
941,552,4,772283.75
943,552,3.89999999996508,772287.75
942,553,3.90000000002328,772285.25
944,552,4,772586.5
946,550,3.89999999996508,772376
945,549,3.90000000002328,772370.5
947,548,4,772383.75
950,547,3.90000000002328,772403.75
951,546,4,772401.25
951,545,3.89999999996508,772414.5
952,545,4,772419.75
952,545,4,772419.75
953,546,4,772423.75
952,545,4,772419.75
953,545,4,772418.5
620,604,59.7999999999884,535818.5
618,606,4,535864
617,610,4,534599.75
615,611,8,534576
615,612,4,534575.75
612,612,4,534560
612,613,8,534563.75
613,615,4,534566.5
610,617,3.90000000002328,534759.75
607,619,8,534288
605,622,4,534279.75
604,624,4,534256
604,627,4,534261.25
604,628,4,534218.5
603,630,4,534225.25
603,632,4,534149.25
602,633,4,534151.75
602,634,3.90000000002328,534152
603,634,4,534153.25
604,634,4,534198.5
605,635,4,534196
604,633,4,534201.25
603,634,4,534153.25
602,632,4,534148
602,632,4,534148
601,633,4,534146.5
600,632,4,534144
599,631,3.89999999996508,534058.5
598,632,4,534140
597,632,4,534139.75
596,634,4,534134.5
594,634,8,534088
594,635,4,534091.75
594,635,4,534091.75
593,636,8,534097.25
591,636,4,533935.75
590,633,4,533949.25
589,618,8,533661.25
590,611,4,533595.75
589,600,4,533297.25
588,590,8,532644
588,590,4,532644
587,581,4,532702.5
587,582,8,532689.25
586,576,4,532716
586,573,4,537911.75
586,572,7.90000000002328,537908
586,568,4,537894.5
587,564,4,538079.75
586,563,4,538059.75
586,560,4,538052
585,560,4,538051.75
584,557,4,538161.25
585,558,4,538173.25
585,557,4,538162.5
586,557,4,538167.75
586,557,4,538167.75
587,556,4,538165.25
587,557,4,538166.5
586,561,4,538055.75
584,564,4,538064
584,564,4,538064
585,567,4,538070.5
586,569,4,537895.75
586,572,4,537908
585,574,4,537917.25
584,575,4,537919.75
584,576,4,532714.5
584,580,8,532698.5
585,581,4,532696
584,582,4,532694.5
586,583,7.89999999996508,532691.75
586,585,4,532615.75
585,586,4,532621.25
583,588,8,532591.75
582,588,4,532590.5
582,588,4,532590.5
584,590,8,532628
583,592,4,533397.25
583,591,4,532586.5
583,592,8,533397.25
583,593,4,533396
584,592,4,533354.5
584,593,8,533355.75
585,593,4,533352
585,592,4,533353.25
586,593,4,533351.75
587,595,4,533344
587,593,4,533348
586,593,4,533351.75
586,592,4,533350.5
586,593,4,533351.75
586,593,4,533351.75
585,590,4,532631.75
585,591,4,532630.5
584,591,4,532629.25
584,591,4,532629.25
583,590,4,532587.75
581,589,4,532578.5
578,591,4,532569.25
578,592,4,533414.5
578,593,4,533415.75
577,592,4,533417.25
577,593,4,533416
577,596,4,533427.75
576,598,4,533438.5
576,599,7.90000000002328,533439.75
577,600,4,533441.25
578,603,4,533449.25
577,604,8,533497.25
579,605,4,533492
579,608,4,533509.25
578,609,4,533511.75
578,611,8,533515.75
578,613,4,533533.25
577,614,4,533527.75
579,613,8,533532
577,612,4,533521.25
578,613,4,533533.25
578,610,8,533512
579,612,4,533535.75
580,608,4,533562.5
581,609,4,533560
584,609,4,533571.75
586,606,4,533266.5
587,606,4,533265.25
589,603,4,533302.5
588,605,4,533259.75
591,603,4,533306.5
592,604,4,533232
593,604,4,533235.75
594,603,4,533217.25
593,604,4,533235.75
593,604,3.90000000002328,533235.75
592,601,3.89999999996508,533227.75
591,603,3.79999999998836,533306.5
591,603,3.90000000002328,533306.5
591,607,3.79999999998836,533248
591,606,3.90000000002328,533251.75
590,609,3.89999999996508,533591.75
589,610,3.80000000004657,533597.25
588,609,7.69999999995343,533585.25
589,606,3.90000000002328,533261.25
589,610,3.90000000002328,533597.25
587,611,7.69999999995343,533578.5
589,610,3.80000000004657,533597.25
590,610,3.89999999996508,533592
588,610,7.70000000001164,533598.5
586,610,3.90000000002328,533576
586,611,3.79999999998836,533577.25
583,610,7.79999999998836,533553.25
584,612,3.79999999998836,533626.5
585,614,3.90000000002328,533629.25
582,615,7.70000000001164,533545.25
584,615,3.89999999996508,533631.75
585,615,3.79999999998836,533630.5
585,615,7.70000000001164,533630.5
585,616,3.90000000002328,533633.25
585,617,3.89999999996508,533634.5
586,617,3.80000000004657,533645.25
588,617,3.89999999996508,533649.25
589,618,3.79999999998836,533661.25
589,619,3.90000000002328,533660
587,618,3.90000000002328,533643.75
584,622,3.79999999998836,533692
581,624,3.89999999996508,533779.75
581,626,3.80000000004657,533789.25
580,627,3.89999999996508,533791.75
581,629,3.90000000002328,533794.5
581,629,3.79999999998836,533794.5
580,629,3.90000000002328,533793.25
579,630,3.79999999998836,533811.75
579,630,3.89999999996508,533811.75
577,631,3.90000000002328,533822.5
580,630,3.79999999998836,533806.5
582,628,3.90000000002328,533796
584,627,3.79999999998836,533989.25
585,626,3.90000000002328,533991.75
585,626,7.69999999995343,533991.75
585,625,3.90000000002328,533992
584,626,3.79999999998836,533990.5
585,627,7.79999999998836,533988
585,625,3.80000000004657,533992
586,624,4,533996
588,624,8,534000
587,624,4,533999.75
587,626,4.09999999997672,533985.25
587,625,8,533998.5
587,625,4,533998.5
587,625,4,533998.5
588,625,8,534003.75
589,625,4,534002.5
589,625,4,534002.5
588,625,4,534003.75
587,625,4,533998.5
587,624,4,533999.75
589,623,4,533676
589,622,4,533677.25
589,622,4,533677.25
590,622,4,533672
590,622,4,533672
591,622,4,533673.25
591,623,4.09999999997672,533674.5
590,621,4,533671.75
590,618,4,533656
589,609,4,533586.5
586,598,4,533368
584,592,4,533354.5
581,592,4,533401.25
580,586,4,532598.5
578,582,4,532530.5
576,578,4,532484
573,575,4,527020
571,573,4,527028
570,570,4,526984
570,568,4,526990.5
570,569,8,526989.25
571,569,4,526988
570,569,4.10000000003492,526989.25
571,569,8,526988
572,567,4,526959.75
572,566,4,526958.5
572,567,8,526959.75
572,567,4,526959.75
572,567,4,526959.75
573,566,8,526957.25
573,565,4,526946.5
574,565,4,526951.75
574,566,8,526952
576,566,4,538006.5
576,566,4.09999999997672,538006.5
576,567,4,538005.25
576,567,4,538005.25
578,567,4,538003.75
577,565,4,538008
578,565,8,538013.25
578,564,4,538012
577,565,4,538008
576,564,4,538010.5
575,563,4,526938.5
1037,522,68,2009655.75
1040,520,4,2009536
1040,520,8,2009536
1038,520,4,2009662.5
1040,520,4,2009536
1042,520,8,2009550.5
1041,520,4,2009537.25
1040,524,4,2009594.5
1040,526,8,2009596
1039,527,4,2009600
1040,528,4,2009258.5
1040,528,8,2009258.5
1039,529,4,2009942.5
1040,528,4,2009258.5
1040,528,4,2009258.5
1040,529,4,2009257.25
1041,527,4,2009598.5
1041,528,4,2009259.75
1041,526,4,2009597.25
1043,526,4,2009587.75
1045,524,4,2009571.75
1044,523,4,2009567.75
1044,522,4,2009566.5
1044,521,4,2009553.25
1044,521,4,2009553.25
1045,520,4,2009555.75
1043,519,4,2009530.5
1042,519,4,2009531.75
1042,518,3.90000000002328,2009528
1041,517,4,2009522.5
1040,517,3.89999999996508,2009521.25
1039,518,3.90000000002328,2009665.25
1038,519,3.90000000002328,2009667.75
1037,519,7.89999999996508,2009668
1036,519,3.90000000002328,2009669.25
1035,519,3.89999999996508,2009722.5
1034,518,7.90000000002328,2009720
1033,519,3.90000000002328,2009724
1032,520,4,2009642.5
1031,521,7.79999999998836,2009814.5
1029,522,3.89999999996508,2009821.25
1028,521,4,2009809.25
1025,519,7.80000000004657,2009788
1025,518,4,2009789.25
1021,517,3.89999999996508,786402.5
1020,515,7.79999999998836,786421.25
1019,513,4,786374.5
1017,514,3.90000000002328,786381.25
1017,511,3.90000000002328,786452
1016,508,4,786458.5
1015,505,3.89999999996508,786646.5
1015,503,3.90000000002328,786560
1014,502,3.89999999996508,786562.5
1016,503,4,786559.75
1017,501,3.90000000002328,786546.5
1017,501,3.90000000002328,786546.5
1018,502,4,786552
1018,504,3.89999999996508,786476
1019,502,3.90000000002328,786553.25
1020,503,3.89999999996508,786501.25
1019,504,4,786479.75
1019,504,3.90000000002328,786479.75
1020,505,3.90000000002328,786483.75
1020,507,3.89999999996508,786485.25
1019,508,4,786463.75
1017,510,3.90000000002328,786455.75
1019,510,3.89999999996508,786449.25
1020,512,7.90000000002328,786426.5
1020,512,3.90000000002328,786426.5
883,446,43.1999999999534,842489.25
877,444,4,842505.25
876,437,4,842569.25
875,437,8,842614.5
872,434,4,842604
871,432,4,842645.25
869,431,8,841830.5
868,431,4,841829.25
865,432,4,842665.25
864,433,4,842667.75
865,433,4,842664
863,433,4,843006.5
863,431,4,843008
862,431,4,843009.25
863,431,4,843008
864,432,4,842666.5
867,433,4,842660
867,434,4,842659.75
867,434,4,842659.75
869,434,4,842653.25
870,434,4,842642.5
872,433,4,842603.75
874,433,4,842599.75
876,434,4,842588
877,434,4,842589.25
878,433,4,842583.75
879,432,4.10000000003492,842581.25
879,432,4,842581.25
880,432,8,842240
881,432,4,842243.75
881,433,4,842242.5
881,433,8,842242.5
882,436,4,842270.5
881,437,4,842258.5
881,438,8,842263.75
881,439,4,842262.5
880,441,4,842475.75
880,441,8,842475.75
879,442,4,842555.75
879,444,4,842501.25
878,444,8,842502.5
877,445,4,842504
876,445,4,842507.75
636,484,60.0999999999767,869322.5
633,488,4,869251.75
628,488,4,869242.5
627,488,4,869189.25
624,490,4,869198.5
622,490,3.90000000002328,868882.5
623,493,4,868878.5
624,491,4,869199.75
625,490,4,869197.25
624,490,8,869198.5
623,492,4,868879.75
620,492,4,868874.5
620,487,8,869093.25
618,494,4,868920
617,482,4,869069.25
617,480,8,869059.75
617,474,4,870279.75
617,470,4,870269.25
617,478,8,870333.25
618,482,4,869064
618,482,4,869064
618,478,8,870322.5
621,481,4,869112
620,488,4,868890.5
623,481,8,869118.5
624,486,4,869180
624,491,4,869199.75
625,491,8,869196
627,493,4,869212
627,493,4,869212
626,492,4,869214.5
626,491,4,869195.75
627,491,4,869194.5
627,490,4,869193.25
627,488,8,869189.25
626,488,4,869188
627,487,4,869168
626,486,4,869170.5
625,486,4,869181.25
622,482,4,869106.5
622,488,4,868886.5
622,487,4,869097.25
621,478,4,870317.25
621,470,4,870253.25
620,467,4,870239.75
621,478,7.89999999996508,870317.25
622,477,4,870311.75
621,479,3.90000000002328,870316
622,481,7.90000000002328,869117.25
624,476,3.89999999996508,869466.5
627,476,3.90000000002328,869471.75
624,477,4,869465.25
617,478,3.89999999996508,870333.25
607,483,3.90000000002328,871770.5
598,485,4,871725.25
591,488,7.79999999998836,871615.75
588,487,4,871631.75
584,490,3.90000000002328,871566.5
580,494,7.89999999996508,871524
577,495,3.90000000002328,871510.5
577,498,3.90000000002328,872365.25
574,503,4,872681.25
572,505,3.89999999996508,872475.75
572,507,3.90000000002328,872479.75
571,509,4,872502.5
574,513,3.89999999996508,525655.75
575,516,3.90000000002328,525669.25
576,520,3.90000000002328,539242.5
577,521,4,539240
579,522,3.89999999996508,539233.25
582,524,3.90000000002328,539206.5
581,525,4,539208
584,526,3.89999999996508,539198.5
585,526,3.90000000002328,539197.25
587,527,4,539194.5
590,527,3.90000000002328,539139.75
590,526,3.89999999996508,539138.5
590,523,4,539153.25
590,522,3.90000000002328,539154.5
591,520,3.89999999996508,539157.25
588,519,7.90000000002328,539365.25
586,516,3.90000000002328,539358.5
583,515,4,539322.5
581,513,7.79999999998836,539314.5
580,512,4,539312
464,316,58.8999999999651,154714.5
462,313,4,155543.75
459,311,4,155504
460,310,4,155502.5
455,310,4,155435.75
455,306,4,155441.25
454,304,4,155452
452,303,4,155375.75
451,305,4,155398.5
451,307,4,155402.5
450,308,4,155422.5
451,308,4,155423.75
450,310,4,155416
449,311,4,155414.5
449,312,4,155625.25
448,311,4,155413.25
448,311,4,155413.25
446,312,4,150204
445,310,4,150221.25
443,309,4,150238.5
442,309,4,150237.25
440,307,4,150245.25
438,307,8,150043.75
438,307,4,150043.75
435,310,4,150067.75
433,311,8,150078.5
432,312,4,150080
431,312,4,149951.75
431,310,8,149955.75
430,313,4,149949.25
431,313,4,149950.5
430,312,8,149948
431,310,4,149955.75
431,311,4,149952
431,310,8,149955.75
434,306,4,150024
436,303,4,150351.75
437,304,8,150035.75
440,301,4,150321.25
439,300,4,150341.25
441,308,4,150235.75
441,305,4,150248
503,215,56,108074.5
506,218,4,108168
507,217,4,108172
508,219,4,108191.75
508,223,8,108207.75
508,224,4,108880
509,218,4,108189.25
509,226,8,108893.25
510,229,4,108903.75
511,231,4,108906.5
511,234,8,108953.25
513,234,4,939623.75
856,180,200.100000000035,1012848
855,201,4,1008084
855,203,4,1008080
846,186,8,1013010.5
845,174,4,1013255.75
845,196,4,1007817.25
841,200,8,1007747.75
836,207,4,1007717.25
836,210,4,1008540
835,208,8,1008549.25
836,210,4,1008540
836,196,4,1007648
837,209,4,1008536
837,209,4,1008536
837,213,4,1008520
837,216,4,1008595.75
836,218,8,1008606.5
836,219,4,1008607.75
838,216,4,1008596
839,207,8,1007722.5
839,204,4,1007727.75
838,215,4,1008515.75
837,218,8,1008605.25
837,222,4,1008621.25
836,223,4,1008623.75
836,223,8,1008623.75
835,225,4,1008646.5
834,212,4,1008564
833,225,8,1008642.5
832,228,4,1008656
832,228,4,1008656
830,232,4,1006358.5
831,221,4,1006596
831,231,4,1006570.5
831,228,4,1006575.75
1081,443,51.7000000000116,1133190.5
1083,447,4,1133232
1085,451,3.89999999996508,1138678.5
1088,454,3.90000000002328,1138748
1090,459,4,1138763.75
1091,457,3.89999999996508,1138758.5
1091,455,3.90000000002328,1138736
1093,453,4,1138722.5
1092,453,3.90000000002328,1138721.25
1091,456,3.89999999996508,1138757.25
1090,458,4,1138760
1090,460,7.79999999998836,1138782.5
1089,461,4,1138770.5
1089,462,3.90000000002328,1138775.75
1089,459,7.90000000002328,1138764
1089,457,3.89999999996508,1138754.5
1090,454,4,1138738.5
1089,451,7.79999999998836,1138694.5
1091,448,4,1138703.75
1091,445,3.90000000002328,1144158.5
1092,444,7.90000000002328,1144138.5
1091,441,3.89999999996508,1144174.5
1092,439,3.90000000002328,1144207.75
1093,435,7.89999999996508,1144246.5
1093,433,3.90000000002328,1144242.5
1092,432,4,1144240
1091,432,3.90000000002328,1144239.75
1092,432,4,1144240
1093,433,3.89999999996508,1144242.5
1092,435,3.90000000002328,1144245.25
1093,437,4,1144200
1092,437,3.89999999996508,1144203.75
1093,439,3.90000000002328,1144206.5
1093,440,4,1144177.25
1093,442,3.90000000002328,1144183.75
1094,443,3.89999999996508,1144185.25
1094,445,4,1144135.75
1094,445,3.90000000002328,1144135.75
1093,447,3.89999999996508,1144142.5
1092,448,4,1138704
1092,447,3.90000000002328,1144143.75
1092,449,3.90000000002328,1138705.25
1092,450,4,1138718.5
1091,451,3.89999999996508,1138698.5
1090,449,4,1138701.25
1088,451,7.79999999998836,1138693.25
1087,451,4,1138682.5
1088,451,4,1138693.25
1087,451,8,1138682.5
1087,451,4,1138682.5
1086,452,4,1138630.5
1087,453,8,1138628
1087,453,4,1138628
1087,451,4,1138682.5
1087,451,8,1138682.5
1088,453,4,1138747.75
1089,453,3.90000000002328,1138744
1090,455,8,1138737.25
1089,455,4,1138750.5
1090,458,4,1138760
1090,460,8,1138782.5
1091,461,4,1138780
1091,462,4,1138779.75
1090,462,4,1138776
1091,464,4,1139621.25
1091,464,4,1139621.25
1091,465,4,1139620
1092,466,4,1139612
1092,467,3.90000000002328,1139615.75
1092,466,4,1139612
1091,464,4,1139621.25
1091,463,4,1138778.5
1091,462,4,1138779.75
1092,462,4,1138788
1091,462,4,1138779.75
1091,461,4,1138780
1092,460,4,1138784
1092,460,4,1138784
1091,461,3.89999999996508,1138780
1092,460,4,1138784
1090,462,4,1138776
1089,463,4,1138774.5
1087,464,8,1137749.25
1089,465,4,1139624
740,613,63.7999999999884,550945.25
734,615,4,552259.75
733,622,8,552205.25
734,619,4,552249.25
731,622,4,552209.25
731,626,8,552137.25
728,627,4,552143.75
729,627,4,552140
730,626,8,552136
728,628,4,552144
726,627,4,552121.25
722,630,8,552082.5
719,632,4,552853.25
717,632,4,552851.75
714,634,4,552840
713,634,4,552839.75
711,634,4,552915.75
709,635,4,552926.5
710,633,7.90000000002328,552919.75
709,632,4,552921.25
708,630,4,552740
709,630,8,552743.75
707,629,4,552732
708,628,4,552736
708,628,8,552736
709,628,4,552737.25
709,626,4,552759.75
708,625,8,552761.25
709,624,4,552763.75
709,625,4,552760
708,625,8,552761.25
710,625,4,552765.25
709,624,4,552763.75
711,624,4,552767.75
710,623,4,552683.75
711,624,4,552767.75
711,624,4,552767.75
711,624,4,552767.75
712,626,4,552772
711,626,4,552753.25
711,627,3.90000000002328,552752
711,625,4,552766.5
711,626,4,552753.25
710,627,4,552755.75
708,627,4,552757.25
709,629,4,552738.5
709,628,4,552737.25
710,627,4,552755.75
711,628,4,552751.75
600,757,39.5,574577.25
600,763,3.89999999996508,574501.25
593,761,7.90000000002328,574658.5
593,764,3.89999999996508,574713.25
590,765,4,574733.25
590,766,7.90000000002328,574722.5
588,767,3.90000000002328,574725.25
591,768,3.89999999996508,594005.25
592,767,7.90000000002328,574719.75
593,766,3.89999999996508,574717.25
591,766,4,574721.25
591,768,7.80000000004657,594005.25
590,770,4,594008
591,771,3.89999999996508,594010.5
590,772,7.90000000002328,594020
591,773,3.89999999996508,594022.5
591,774,3.90000000002328,594025.25
590,776,4,594068
589,777,3.90000000002328,594066.5
587,778,3.89999999996508,594059.75
586,778,4,594056
585,779,3.90000000002328,594054.5
584,778,3.89999999996508,594052
582,779,4,594129.25
581,779,3.90000000002328,594142.5
579,779,3.90000000002328,594144
578,778,4,594146.5
578,777,3.89999999996508,594151.75
578,776,3.90000000002328,594150.5
576,775,4,593941.25
576,774,3.89999999996508,593940
575,774,3.90000000002328,593859.75
574,772,4,593862.5
573,773,3.90000000002328,593864
574,771,3.89999999996508,593913.25
573,771,4,593910.5
574,770,7.90000000002328,593912
573,770,3.89999999996508,593911.75
572,771,3.90000000002328,593909.25
572,771,7.90000000002328,593909.25
570,772,3.89999999996508,593884
570,773,4,593885.25
569,775,7.79999999998836,593876
568,777,4,593793.25
567,778,4,593777.25
567,780,8,593775.75
566,781,4,593773.25
565,782,4,593767.75
563,784,8,593061.25
559,786,4,593393.25
555,788,4,593375.75
555,791,8,593370.5
551,792,4,593279.75
550,793,4,593277.25
549,794,4,593271.75
547,794,4,593249.25
545,796,4,593243.75
541,796,4,590499.75
540,796,4,590496
540,799,4,590511.75
539,800,4,591813.25
539,800,4,591813.25
538,799,4,590513.25
537,800,4,591811.75
537,799,4,590526.5
536,800,4,591808
536,801,4,591809.25
537,799,4,590526.5
537,800,4,591811.75
538,800,4,591812
539,799,4,590512
540,798,4,590510.5
541,799,4,590508
542,799,8,590507.75
544,799,4,593237.25
544,800,4,591872
545,799,8,593236
545,800,4,591875.75
546,801,4,591879.75
549,802,8,591927.75
550,802,4,591922.5
552,802,4,591940
554,802,7.90000000002328,591944
554,801,4,591949.25
558,802,4,591960
559,803,8,591962.5
560,803,4,592805.25
563,803,4,592800
563,803,4,592800
565,804,4,592777.25
564,805,4,592779.75
564,808,4,592752
564,808,4,592752
563,809,4,592750.5
563,811,4,592736
562,811,4,592739.75
562,812,4,592732
563,812,4,592735.75
561,813,4,592728
561,813,4,592728
584,660,44,580474.5
585,660,8,580473.25
587,657,4,580428
588,656,4,580432
587,652,8,580127.75
586,650,4,580130.5
585,648,4,580139.75
584,644,8,580208
585,643,4,580206.5
588,642,4,580188
588,642,8,580188
589,640,4,580185.25
592,637,4,534099.75
593,636,8,534097.25
594,634,4,534088
595,633,4,534086.5
595,631,8,534064
595,632,4,534085.25
595,632,4,534085.25
595,632,8,534085.25
593,632,4,534083.75
592,632,4,534080
592,634,4,534094.5
590,634,4,533938.5
590,634,4,533938.5
590,635,4,533939.75
590,635,4,533939.75
589,636,4,533921.25
590,635,4,533939.75
590,636,4,533934.5
590,636,4,533934.5
590,637,4,533933.25
590,639,4,533929.25
591,639,4,533930.5
591,639,4,533930.5
590,638,3.90000000002328,533928
590,639,4,533929.25
591,640,3.89999999996508,580181.25
591,640,7.79999999998836,580181.25
591,640,4,580181.25
591,639,3.90000000002328,533930.5
590,638,7.90000000002328,533928
591,637,3.89999999996508,533932
592,636,3.90000000002328,534096
592,636,7.89999999996508,534096
593,637,3.90000000002328,534098.5
594,638,3.90000000002328,534104
593,636,7.89999999996508,534097.25
593,635,3.90000000002328,534092
593,635,3.89999999996508,534092
592,634,7.90000000002328,534094.5
593,633,3.90000000002328,534082.5
594,633,4,534087.75
593,632,3.89999999996508,534083.75
594,630,3.90000000002328,534066.5
594,629,3.89999999996508,534071.75
594,627,4,534025.25
594,626,3.90000000002328,534024
595,624,3.90000000002328,534031.75
594,624,4,534030.5
594,621,3.89999999996508,534365.25
595,621,3.90000000002328,534366.5
595,621,3.89999999996508,534366.5
593,620,4,534363.75
594,618,3.90000000002328,534370.5
593,616,3.90000000002328,534379.75
593,615,4,534420
592,615,3.89999999996508,534421.25
592,614,3.90000000002328,534422.5
591,617,3.89999999996508,533654.5
591,615,4,533610.5
592,616,3.90000000002328,534378.5
591,615,7.90000000002328,533610.5
590,616,3.89999999996508,533652
591,616,3.90000000002328,533653.25
589,617,7.89999999996508,533650.5
588,619,3.90000000002328,533663.75
587,620,3.90000000002328,533685.25
588,618,7.89999999996508,533662.5
585,618,3.90000000002328,533639.75
584,616,3.89999999996508,533632
584,616,7.90000000002328,533632
582,616,3.90000000002328,533718.5
582,616,4,533718.5
582,615,7.79999999998836,533545.25
582,615,4,533545.25
1043,560,72.0999999999767,2010629.25
1043,560,4,2010629.25
1047,561,4,2010686.5
1047,562,8,2010673.25
1047,561,4,2010686.5
1047,560,4,2010687.75
1049,561,8,2010690.5
1051,561,4,2010700
1052,563,4,2010719.75
1052,563,8,2010719.75
1050,564,4,2010742.5
1049,564,4,2010745.25
1049,561,8,2010690.5
1048,561,4,2010691.75
1047,561,4,2010686.5
1045,560,8,2010683.75
1045,558,4,2010567.75
1042,557,4,2010615.75
1041,557,8.10000000003492,2010610.5
1040,556,4,2010608
1039,555,4,2010288
1041,554,4,2010605.25
1043,554,4,2010595.75
1045,555,4,2010590.5
1047,554,4,2010579.75
