x,y,t,h
1131,537,20,2004876
1130,537,4,2004877.25
1129,537,4,2004866.5
1131,536,4,2004879.75
1130,536,4,2004878.5
1132,536,4,2004880
1132,537,4,2004881.25
1130,537,4,2004877.25
1131,538,4,2004875.75
1129,539,4,2004870.5
1128,542,4,2004924
1127,547,4,2003642.5
1124,552,4,2003568
1121,558,4,2003543.75
1118,562,4,2006616
1116,568,4,2006672
1114,574,4,2006706.5
1114,577,4,2001901.25
1113,582,4,2001879.75
1113,583,4,2001876
1113,587,4,2001804
1113,589,4,2001810.5
1112,590,8,2001812
1112,591,4,2001813.25
1112,591,4,2001813.25
1110,591,7.90000000037253,2001769.25
1110,589,3.89999999944121,2001773.25
1110,586,3.90000000037253,2001778.5
1110,584,7.89999999944121,2001788
1110,582,3.90000000037253,2001704
1111,580,3.90000000037253,2001701.25
1111,578,7.89999999944121,2001689.25
1112,577,3.90000000037253,2001897.25
1113,575,3.89999999944121,2006718.5
1116,573,7.90000000037253,2006689.25
1118,571,3.90000000037253,2006683.75
1120,570,3.89999999944121,2003302.5
1122,569,7.90000000037253,2003309.25
1124,569,3.89999999944121,2003315.75
1125,568,3.90000000037253,2003313.25
1126,568,4,2003326.5
1128,567,3.90000000037253,2003413.25
1130,567,3.89999999944121,2003417.25
1129,567,4,2003414.5
1130,570,3.90000000037253,2003234.5
1130,572,3.89999999944121,2003252
1128,578,3.90000000037253,2001988
1128,582,4,2002044
1127,585,3.90000000037253,2002132
1127,587,3.89999999944121,2002128
1126,592,3.90000000037253,2002196
1126,594,4,2002200
1127,596,3.89999999944121,2002213.25
1127,598,3.90000000037253,2002217.25
1127,602,3.90000000037253,2002289.25
1126,602,4,2002290.5
1127,604,3.89999999944121,2002287.75
1127,605,3.90000000037253,2002284
1128,605,4,2002323.75
1129,603,7.79999999981374,2002316
1129,602,3.90000000037253,2002317.25
1129,598,4,2002391.75
1131,591,7.79999999981374,2002096
1130,588,3.89999999944121,2002102.5
1132,583,4,2002031.75
1133,583,7.80000000074506,2002028
1133,582,4,2002029.25
1134,581,3.89999999944121,2002023.75
1134,578,7.79999999981374,2002008
1134,575,4,2003203.75
1134,576,3.90000000037253,2002004
1130,575,7.79999999981374,2003259.75
1131,576,4,2001999.75
1130,578,3.90000000037253,2001992
1128,577,7.89999999944121,2001987.75
1125,578,4,2001975.75
1123,578,4,2001929.25
1121,577,4,2001922.5
1119,577,4,2001916
1120,579,4,2001935.75
1118,580,4,2001862.5
1116,581,4,2001867.75
1116,584,4,2001850.5
1113,584,4,2001795.75
1111,587,4,2001776
1110,592,4,2001046.5
1108,596,4,2001034.5
1107,600,4,2001103.75
1105,604,4,2001145.25
1103,606,4,2001153.25
1100,609,4,2000633.25
1098,609,4.10000000055879,2000583.75
1096,612,4,2000592
1094,613,4,2000519.75
1093,615,4,2000526.5
1091,615,4,2000528
1089,615,8,2000532
1087,613,4,2013542.5
1084,611,4,2013535.75
1083,607,8,2012848
1082,605,4,2012855.75
1081,602,4,2012807.75
1082,599,8,2012785.25
1082,597,4,2012791.75
1082,595,4.09999999962747,2012745.25
1084,592,8,2012752
1086,589,4,2012583.75
1086,588,4,2012580
1088,587,8,2001509.25
1089,586,4,2001511.75
1092,587,4,2001525.25
1092,587,4,2001525.25
1094,587,4,2001529.25
1092,588,4,2001482.5
1092,590,4,2001484
1092,591,4,2001487.75
1092,592,4,2001328
1092,594,4,2001332
1092,596,4,2001290.5
1092,597,4.10000000055879,2001291.75
1092,600,4,2001264
1091,603,4,2001248
1090,605,4,2001245.25
1088,606,4,2001238.5
1160,920,52,2065194.5
1162,926,4,2065170.5
1161,927,8,2065172
1164,930,4,2065502.5
1165,931,4,2065500
1165,934,8,2065517.25
1164,935,4,2065519.75
1163,937,4,2065548
1163,940,8,2065589.25
1163,941,4,2065588
1163,942,4,2065587.75
1162,941,8,2065591.75
1162,940,4,2065590.5
1163,940,4,2065589.25
1164,939,8,2065567.75
1165,937,4,2065554.5
1165,936,4,2065555.75
1165,934,8,2065517.25
1165,933,4,2065506.5
1165,932,4,2065507.75
1165,931,8,2065500
1166,929,4,2065495.75
1167,928,4.09999999962747,2065493.25
1167,928,4,2065493.25
1168,927,4,2065151.75
1168,925,4,2065137.25
1167,924,4,2065157.25
1168,923,8,2065135.75
1168,920,4,2065130.5
1167,919,4,2065216
1168,917,8,2064915.75
1168,915,4,2064911.75
1167,915,4,2065232
1166,914,8,2065234.5
1166,912,4,2065238.5
1167,912,4,2065237.25
1166,912,8,2065238.5
1166,911,4,2064553.25
1166,911,4,2064553.25
1165,912,8,2065241.25
1166,912,4,2065238.5
1165,912,3.90000000037253,2065241.25
1165,912,4,2065241.25
1166,913,3.89999999944121,2065239.75
1166,913,3.90000000037253,2065239.75
1166,914,4,2065234.5
1165,913,3.89999999944121,2065240
1166,913,3.90000000037253,2065239.75
1166,915,4,2065233.25
1167,914,3.90000000037253,2065235.75
1167,914,4,2065235.75
1168,914,3.89999999944121,2064910.5
1168,913,3.90000000037253,2064897.25
1335,1003,43.2999999998137,1855962.5
1337,1007,4,1855764
1341,1003,3.90000000037253,1855798.5
1345,1007,3.89999999944121,1854550.5
1347,1010,4,1855395.75
1349,1012,3.90000000037253,1855371.75
1351,1014,7.89999999944121,1855361.25
1354,1014,3.90000000037253,1855352
1355,1014,4,1855353.25
1357,1010,7.79999999981374,1855325.25
1358,1009,4,1855319.75
1359,1010,3.90000000037253,1855315.75
1358,1007,7.89999999944121,1854633.25
1357,1008,3.90000000037253,1855321.25
1356,1009,4,1855323.75
1356,1008,7.79999999981374,1855322.5
1354,1008,4,1855334.5
1353,1006,3.90000000037253,1854615.75
1351,1007,7.89999999944121,1854570.5
1349,1007,3.90000000037253,1854566.5
1349,1009,3.90000000037253,1855384
1349,1008,4,1855385.25
1347,1008,3.89999999944121,1855397.25
1347,1009,3.90000000037253,1855396
1347,1009,4,1855396
1345,1009,3.89999999944121,1855400
1345,1009,3.90000000037253,1855400
1344,1009,4,1855403.75
1343,1009,4,1855742.5
1344,1007,4,1854549.25
1344,1006,3.90000000037253,1854548
1343,1005,4,1855748
1342,1006,4,1855746.5
1344,1004,4,1854544
1344,1003,4,1854543.75
1345,1001,4,1854530.5
1347,1000,4,1854533.25
1348,998,4,1854510.5
1350,997,3.89999999944121,1854503.75
1356,996,4,1854666.5
1356,995,8,1854709.25
1358,993,4,1854717.25
1359,990,4,1854377.25
1361,989,8,1853528
1361,989,3.90000000037253,1853528
1359,989,4,1854374.5
1359,990,8,1854377.25
1359,990,4,1854377.25
1356,990,4,1854382.5
1357,991,8,1854380
1357,992,3.89999999944121,1854705.25
1356,994,4,1854708
1359,996,8,1854661.25
1361,998,4,1854743.75
1364,998,4,1854756
1363,999,8,1854746.5
1366,999,3.90000000037253,1854761.25
1372,999,4,1854831.75
1375,1000,4,1854869.25
1377,1000,4,1852011.75
1379,1000,4,1852015.75
1378,1000,4,1852012
1377,1000,4,1852011.75
1374,999,3.90000000037253,1854827.75
1374,997,4,1854823.75
1372,996,4,1854816
1372,994,4,1854814.5
1373,993,4,1854802.5
1370,993,4,1854797.25
1370,990,4,1853496
1372,988,4,1853450.5
1376,986,3.89999999944121,1853420
1375,984,4,1853461.25
1377,983,4,1853206.5
1381,981,4,1853218.5
1382,982,4,1853224
1386,982,4,1853298.5
1390,980,8,1853284
1391,979,4,1853274.5
1394,978,4,1852578.5
1395,976,8,1852591.75
1392,975,4,1852927.75
1390,975,3.90000000037253,1852929.25
1389,975,8,1852942.5
1387,974,4,1852945.25
1385,978,4,1853255.75
1383,983,8,1853226.5
1383,984,4,1853397.25
1381,986,4,1853405.25
1380,992,8,1852080
1377,989,4,1853426.5
1377,994,4,1852071.75
1493,743,56.0999999996275,1903910.5
1495,737,4,1903934.5
1497,732,4,1902643.75
1497,731,4,1902638.5
1497,729,4,1902632
1495,724,4,1902725.25
1494,722,4,1902776
1494,719,4,1903083.75
1493,718,4,1903085.25
1492,718,4,1903086.5
1491,719,8,1903088
1491,719,4,1903088
1493,721,4,1902770.5
1494,722,8,1902776
1497,722,4,1902797.25
1497,722,4,1902797.25
1497,722,8,1902797.25
1499,721,4,1902790.5
1501,721,4,1902840
1500,720,8,1902842.5
1501,719,4,1902862.5
1503,718,4,1902851.75
1503,717,8,1902852
1502,716,4.10000000055879,1902854.5
1501,716,4,1902857.25
1500,716,8,1902858.5
1502,716,4,1902854.5
1506,715,4,1902281.25
1508,719,8,1902319.75
1510,722,4,1902386.5
1511,723,4,1902384
1510,724,8,1902382.5
1511,723,4,1902384
1510,721,4,1902397.25
1511,719,8,1902314.5
1511,720,4,1902399.75
1509,718,4,1902317.25
1508,718,8,1902318.5
1506,718,4,1902322.5
1505,717,4,1902328
1501,716,4,1902857.25
1502,718,4,1902850.5
1501,717,4,1902856
1501,720,8,1902843.75
1503,722,4,1902833.25
1503,724,4,1902831.75
1504,723,8,1902351.75
1505,721,4,1902338.5
1507,723,4,1902346.5
1506,724,8,1902366.5
1503,724,4,1902831.75
1503,725,4,1902828
1500,724,8,1902816
1501,724,4,1902817.25
1499,723,4,1902794.5
1499,723,8,1902794.5
1497,723,4,1902796
1497,724,4,1902801.25
1500,726,4,1902820
1498,729,4,1902631.75
1222,593,48.0999999996275,1984957.25
1216,588,4,1985114.5
1204,584,4,1996250.5
1207,582,4,1996075.75
1202,583,4,1996057.25
1199,583,4,1995968
1199,582,8,1995971.75
1199,581,4,1995972
1202,581,4,1996061.25
1199,581,8,1995972
1201,583,4,1996054.5
1203,584,4,1996261.25
1201,587,8,1996270.5
1201,587,4,1996270.5
1202,588,4,1996276
1202,587,8,1996257.25
1201,587,4,1996270.5
1202,586,4,1996258.5
1201,589,8,1996274.5
1199,590,4,1995947.75
1203,592,4,1996293.25
1202,592,8,1996292
1201,593,4,1996290.5
1202,594,4,1996296
1203,595,4,1996298.5
1203,595,4,1996298.5
1203,596,4,1996319.75
1204,595,4,1996341.25
1203,596,4,1996319.75
1203,595,4,1996298.5
1202,595,4.09999999962747,1996299.75
1198,594,4,1996626.5
1197,593,8,1996632
1196,593,4,1996635.75
1195,592,4,1996645.25
1193,592,4,1996649.25
1192,591,4,1995925.25
1192,591,4,1995925.25
1193,593,4,1996648
1194,592,4,1996646.5
1195,594,4,1996643.75
1198,595,4,1996625.25
1201,594,8,1996301.25
1202,594,4,1996296
1201,593,4,1996290.5
1201,593,8,1996290.5
1201,593,4,1996290.5
1202,592,4,1996292
921,585,52,774530.5
917,583,4,774438.5
917,582,4,774439.75
916,580,4,774432
914,580,4,774430.5
912,579,4,774415.75
907,579,4,774368
906,581,4,774365.25
904,581,4,774361.25
902,582,4,774184
902,584,4,774268
902,585,4,774269.25
902,587,4,774259.75
901,588,4,774241.25
899,590,4,774235.75
899,590,4,774235.75
898,591,4,774233.25
900,590,4,774244
901,590,4,774247.75
902,590,8,774248
905,590,4,774295.75
906,589,4,774301.25
907,587,8,774282.5
908,586,4,774326.5
908,584,4,774330.5
908,581,7.90000000037253,774347.75
906,580,4,774364
907,578,4,774369.25
907,577,8,774382.5
906,575,4,774065.25
906,574,4,774066.5
909,573,8,774050.5
907,572,4,774069.25
907,574,4,774067.75
908,574,8,774062.5
909,573,4,774050.5
910,574,4,774056
909,576,8,774385.25
909,578,4,774391.75
907,579,4,774368
908,580,8,774346.5
907,581,4,774366.5
905,582,4,774359.75
904,582,8,774358.5
902,581,4,774183.75
904,582,3.90000000037253,774358.5
902,584,8,774268
901,585,4,774264
901,587,4,774260
902,588,4,774254.5
904,586,4,774286.5
904,586,4,774286.5
594,806,60,597432
596,809,4,597457.25
601,807,4,597372
597,802,8,597405.25
597,805,4,597384
597,809,4,597458.5
595,819,8,597152
593,823,4,597140
595,826,4,597089.25
597,824,4,597105.25
597,826,4,597111.75
599,828,4,597061.25
599,829,4,597060
598,829,4,597063.75
598,831,4,597057.25
598,833,4,598973.25
599,831,4,597056
598,829,4,597063.75
598,831,4,597057.25
599,827,4,597114.5
599,829,4,597060
600,831,4,597055.75
600,828,4,597040
601,829,4,597042.5
602,831,4,597051.75
602,834,4,598984
602,834,4,598984
602,837,4,599005.25
603,836,8,599007.75
605,832,4,599035.75
606,834,4,599026.5
606,830,8,596994.5
606,827,4,597009.25
606,827,3.89999999944121,597009.25
605,826,7.90000000037253,597021.25
605,822,3.89999999944121,597223.75
605,820,3.90000000037253,597217.25
604,819,7.90000000037253,597237.25
602,817,3.89999999944121,597191.75
600,818,3.90000000037253,597198.5
598,818,7.89999999944121,597176
597,818,3.90000000037253,597175.75
597,819,4,597174.5
599,819,3.90000000037253,597178.5
598,818,3.89999999944121,597176
597,818,3.90000000037253,597175.75
598,817,4,597181.25
599,817,3.89999999944121,597180
600,816,3.90000000037253,597184
601,818,4,597197.25
601,817,3.90000000037253,597186.5
600,818,3.89999999944121,597198.5
601,818,3.90000000037253,597197.25
600,818,4,597198.5
600,818,3.89999999944121,597198.5
601,820,3.90000000037253,597201.25
601,819,4,597196
600,819,3.90000000037253,597199.75
600,818,3.89999999944121,597198.5
600,818,4,597198.5
601,815,3.90000000037253,597268
601,815,3.89999999944121,597268
602,816,7.90000000037253,597188
601,815,3.90000000037253,597268
601,814,3.89999999944121,597271.75
599,814,7.90000000037253,597481.25
597,815,3.89999999944121,597484
594,817,4,597165.25
593,817,7.80000000074506,597160
592,819,3.89999999944121,597157.25
591,821,4,597862.5
590,822,7.79999999981374,597864
590,823,4,597867.75
591,823,3.90000000037253,597866.5
591,822,7.79999999981374,597865.25
593,823,4,597140
594,821,3.90000000037253,597149.25
596,820,7.89999999944121,597130.5
598,819,3.90000000037253,597177.25
600,819,3.90000000037253,597199.75
600,816,4,597184
600,816,3.89999999944121,597184
599,816,3.90000000037253,597183.75
600,816,4,597184
599,815,4,597482.5
598,817,4,597181.25
598,817,4,597181.25
598,818,4,597176
598,818,4,597176
597,816,4,597169.25
596,815,4,597487.75
597,816,4,597169.25
598,815,4,597483.75
598,813,4,597479.75
598,813,4,597479.75
597,813,4,597474.5
594,812,4,597494.5
592,813,4,597499.75
588,812,4,597514.5
586,814,8.09999999962747,597522.5
584,815,4,597525.25
583,816,4,597823.75
580,815,8,597743.75
578,815,4,597745.25
578,814,4,597746.5
576,814,8,597756
574,815,4,592643.75
575,814,4,592641.25
576,812,8,597754.5
578,812,4,597750.5
579,812,4,597749.25
580,811,8,597727.75
581,809,4,597714.5
582,811,4,597723.75
584,810,8,597542.5
585,811,4,597540
586,810,4,597538.5
589,807,4,597572
591,807,4,597568
593,807,4,597436
594,806,4,597432
596,803,4.10000000055879,597407.75
596,802,4,597404
596,802,4,597404
596,800,4,597402.5
598,800,4,597398.5
598,798,4,594536
600,797,4,594579.75
600,798,4,594580
597,796,4,594529.25
597,796,4,594529.25
596,796,4,594528
596,797,4,594531.75
597,797,4,594530.5
598,796,4,594542.5
598,797,4,594541.25
596,798,8,594532
596,799,4,594533.25
596,803,4,597407.75
597,803,8,597406.5
599,805,4,597390.5
600,805,4,597361.25
601,804,8,597363.75
601,805,4,597362.5
602,805,4,597367.75
603,807,8,597370.5
604,807,4,597317.25
606,806,4,597314.5
608,804,8,596026.5
609,801,4,595970.5
610,798,4,595954.5
612,798,8,595950.5
613,797,4,595938.5
615,795,4,595930.5
617,795,4,595748
617,796,4,595739.75
617,794,4,595751.75
618,793,4,595757.25
618,793,8,595757.25
618,796,4,595740
617,797,4,595736
617,796,4,595739.75
616,798,4,595734.5
616,798,4,595734.5
613,798,4,595949.25
612,797,4,595937.25
611,794,4,595915.75
612,792,4,595920
613,790,4,595847.75
612,787,4,595871.75
611,780,4,595039.75
610,779,4,595019.75
610,781,4,595037.25
609,778,8,595021.25
607,780,4,594703.75
606,781,4,594701.25
603,785,4,594670.5
603,788,4,594655.75
602,788,4,594652
600,793,4,594561.25
599,797,8,594540
600,797,4,594579.75
599,799,4,594538.5
597,798,7.79999999981374,594535.75
596,800,4,597402.5
596,795,3.89999999944121,594549.25
597,791,7.90000000037253,594476
598,788,3.90000000037253,594468
598,785,3.89999999944121,594455.75
600,783,4,594751.75
600,782,3.90000000037253,594750.5
601,781,3.89999999944121,594738.5
600,782,4,594750.5
600,781,3.90000000037253,594737.25
600,782,3.90000000037253,594750.5
601,782,3.89999999944121,594749.25
601,785,4,594664
600,787,3.90000000037253,594661.25
600,790,3.89999999944121,594646.5
600,792,4,594560
599,794,3.90000000037253,594545.25
598,794,3.90000000037253,594546.5
598,796,4,594542.5
598,796,3.89999999944121,594542.5
598,796,3.90000000037253,594542.5
599,795,4,594544
600,794,3.89999999944121,594574.5
600,793,3.90000000037253,594561.25
600,792,7.90000000037253,594560
600,792,3.89999999944121,594560
601,791,4,594644
601,792,7.79999999981374,594563.75
751,859,39.3000000007451,640922.5
755,855,7.89999999944121,640144
753,856,3.90000000037253,640107.75
756,863,4,640079.75
753,865,7.79999999981374,639746.5
756,869,4,639777.25
757,872,3.90000000037253,639867.75
759,875,3.89999999944121,639856
759,876,4,639855.75
759,879,3.90000000037253,639850.5
759,879,3.89999999944121,639850.5
760,880,3.90000000037253,639082.5
760,881,4,639083.75
760,882,3.90000000037253,639084
760,884,4,639088
761,885,4,639090.5
761,884,4,639091.75
762,884,4,639092
762,883,4,639073.25
763,882,4,639075.75
761,880,4,639081.25
759,879,4,639850.5
758,878,4,639848
757,878,4,639847.75
757,878,4,639847.75
756,877,4,639843.75
756,878,8,639844
757,879,4,639846.5
755,880,4,639141.25
755,882,8,639139.75
755,882,4,639139.75
756,883,4,639135.75
758,884,8,639116
757,883,4,639134.5
758,883,4,639121.25
758,883,8,639121.25
758,882,4,639122.5
757,880,4,639129.25
756,881,7.89999999944121,639131.75
755,880,4,639141.25
755,880,4,639141.25
755,881,4,639140
755,880,4,639141.25
935,910,40,689259.75
941,909,4,689314.5
944,911,4,689663.75
949,912,4,689723.75
952,912,4,689728
953,911,4,689598.5
954,911,4,689585.25
956,907,4,689567.75
958,902,4,689512
958,901,4,689511.75
957,896,4,689491.75
957,894,4,708615.75
956,894,8,708614.5
956,892,4,708618.5
953,891,4,708654.5
950,891,8,708729.25
948,892,4,708682.5
947,893,4,708702.5
947,893,8,708702.5
946,895,4,708691.75
947,896,4,689413.25
949,898,8,689463.75
950,900,4,689454.5
952,900,4,689530.5
951,901,8,689452
954,904,4,689550.5
955,907,4,689546.5
956,909,8,689569.25
955,911,4,689584
954,914,4,689736
953,916,4,689785.25
953,916,4,689785.25
951,917,4,689708
949,918,4,689703.75
948,918,8,689700
947,920,4,689893.25
946,920,4,689894.5
947,920,4,689893.25
947,918,4,689691.75
948,918,4,689700
949,917,4,689698.5
951,917,4,689708
953,916,4,689785.25
953,915,4,689734.5
1082,716,44,2028828
1086,714,4,2028856
1088,713,4,2023659.75
1090,711,8,2023449.25
1094,713,4,2023639.75
1096,710,4,2023548
1097,709,8,2023544
1098,708,4,2023542.5
1096,707,4,2023493.25
1096,707,8,2023493.25
1096,705,4,2023491.75
1096,704,3.90000000037253,2023488
1096,703,4,2023359.75
1095,702,3.89999999944121,2023361.25
1093,701,3.90000000037253,2023368
1093,699,4,2023390.5
1092,698,3.90000000037253,2023388
1093,697,3.89999999944121,2023384
1094,696,4,2023382.5
1095,694,3.90000000037253,2023211.75
1095,693,3.89999999944121,2023212
1096,693,4,2023291.75
1097,694,3.90000000037253,2023293.25
1099,694,3.90000000037253,2023283.75
1099,693,4,2023284
1101,695,3.89999999944121,2023276
1103,697,4,2023318.5
1103,698,3.90000000037253,2023321.25
1103,699,3.89999999944121,2023322.5
1103,702,4,2023337.25
1104,705,3.90000000037253,2024361.25
1105,707,7.90000000037253,2024356
1106,709,3.89999999944121,2024349.25
1106,710,3.90000000037253,2024338.5
1105,713,7.89999999944121,2024296
1106,717,3.90000000037253,2024285.25
1106,717,4,2024285.25
1105,719,7.90000000037253,2024276
1105,719,3.89999999944121,2024276
1107,717,3.90000000037253,2024286.5
1109,718,7.89999999944121,2024269.25
1110,717,3.90000000037253,2024263.75
1111,716,4,2024261.25
1112,714,7.79999999981374,2024236
1113,715,4,2024238.5
1114,714,3.90000000037253,2024226.5
1116,713,3.89999999944121,2024219.75
1072,551,39.4000000003725,2007871.75
1069,554,3.90000000037253,2007581.25
1066,552,4,2007590.5
1064,555,3.89999999944121,2007599.75
1061,551,4,2007694.5
1060,552,4,2007664
1057,551,4,2007700
1056,550,4,2007702.5
1054,555,3.90000000037253,2010523.75
1053,558,8,2010541.25
1053,564,4,2010723.75
1053,570,4,2010781.25
1052,573,8,2010785.25
1051,579,4,2012106.5
1051,582,4,2012123.75
1051,581,8,2012124
1052,585,3.89999999944121,2011931.75
1053,588,4,2011915.75
1053,591,8,2011908
1054,593,4,2011901.25
1053,595,4,2011894.5
1054,596,8,2011846.5
1053,595,4,2011894.5
1053,594,4,2011895.75
1056,593,7.90000000037253,2013099.75
1058,592,4,2013094.5
1061,593,4,2013080
1061,592,4,2013081.25
1062,592,4,2013078.5
1063,591,4,2012266.5
1066,591,4,2012313.25
1068,589,4,2012323.75
1068,589,4,2012323.75
1069,589,3.90000000037253,2012322.5
1070,591,4,2012329.25
1069,591,4,2012326.5
1069,591,4,2012326.5
1068,591,4,2012325.25
1068,592,4,2013018.5
1068,591,4,2012325.25
1068,590,4,2012324
1068,589,4,2012323.75
1069,588,4,2012321.25
1070,587,3.89999999944121,2012339.75
1072,586,4,2012652
1073,585,4,2012648
1074,583,8,2012441.25
1073,580,4,2012433.25
1074,578,4,2012424
1072,576,8,2012416
1071,575,4,2007296
1071,574,3.90000000037253,2007297.25
1070,573,8,2007309.25
1069,572,4,2007307.75
1068,571,4,2007327.75
1067,569,8,2007332
1066,568,4,2007334.5
1065,567,4,2007510.5
1065,569,8,2007336
1065,569,4,2007336
1066,569,4,2007335.75
1067,570,8,2007331.75
1068,571,4,2007327.75
1068,572,4,2007306.5
1068,574,4,2007302.5
1069,577,4,2012402.5
1070,579,4,2012409.25
1070,580,4,2012358.5
1071,583,4,2012352
1070,584,4,2012348
1070,585,4,2012349.25
1069,586,4,2012343.75
1069,586,4,2012343.75
1068,585,4,2012345.25
1068,586,4,2012342.5
1066,585,4,2012295.75
1064,581,4,2012377.25
1065,578,4,2012391.75
1066,573,4,2007351.75
1065,570,4,2007341.25
1064,568,4,2007338.5
1066,570,4,2007330.5
1126,585,28,2002135.75
1120,591,4,2002175.75
1130,594,4,2002402.5
1129,604,8,2002321.25
1132,605,4,2002339.75
1135,609,4,1999444
1136,608,8,1999274.5
1137,608,4,1999273.25
1137,608,4,1999273.25
1136,609,8,1999275.75
1135,609,4,1999444
1133,610,4,1999453.25
1134,613,8,1999437.25
1133,613,4,1999432
1132,615,4,1999429.25
1131,613,8,1999478.5
1130,615,4,1999483.75
1130,614,4,1999480
1131,614,8,1999481.25
1129,615,4,1999484
1130,615,4,1999483.75
1128,614,4,1999486.5
1127,613,4,1999502.5
1125,613,4,1999496
1123,613,4,1999542.5
1121,611,8,1999534.5
1120,614,4,1999550.5
1121,617,4,1999554.5
1122,619,4,1999561.25
1121,621,4,1999608
1123,622,4,1999603.75
1124,623,4,1999599.75
1123,624,8,1999621.25
1128,626,3.89999999944121,1999684
1129,625,4,1999682.5
1131,624,8,1999695.75
1135,624,4,1999701.25
1136,623,4,1999359.75
1136,622,8,1999356
1135,623,4,1999360
1134,621,4,1999367.75
1131,621,4,1999390.5
1129,620,4,1999387.75
1129,618,4,1999399.75
1127,615,4,1999488
1126,616,8,1999572
1123,616,4,1999567.75
1092,555,257,2006133.25
1096,550,3.90000000037253,2006230.5
1098,546,4,2006242.5
1100,550,7.79999999981374,2006220
1103,543,3.90000000037253,2005930.5
1106,535,4,2005139.75
1106,541,7.79999999981374,2005085.25
1105,540,4,2005083.75
1104,539,3.90000000037253,2005093.25
1102,548,7.89999999944121,2006214.5
1098,553,3.90000000037253,2006151.75
1096,553,3.89999999944121,2006145.25
1096,553,7.90000000037253,2006145.25
1096,558,3.90000000037253,2006164
1095,561,4,2006932
