x,y,t,h
940,566,4,772934.5
937,562,4.10000000003492,772973.25
937,560,4,772969.25
936,558,4,772244
937,555,4,772236
937,558,4,772247.75
937,558,4,772247.75
938,557,4,772253.25
940,555,4,772277.25
938,552,4,772228
937,554,4,772237.25
935,558,4,772203.75
936,559,4,772245.25
933,563,4,773022.5
936,563,4,772975.75
938,565,4,772983.75
937,567,3.89999999996508,772988
937,567,4,772988
937,564,4,772979.75
937,566,8,772989.25
937,564,4,772979.75
940,562,4,772956
942,561,8,772951.75
942,559,4,772265.25
944,561,4,772609.25
944,561,8,772609.25
943,561,4,772948
1130,846,55,2043448
1142,833,4,2043671.75
1137,839,3.90000000002328,2043710.5
1146,825,3.89999999996508,2043943.75
1146,829,3.90000000002328,2043959.75
1148,835,4,2043893.25
1152,838,3.90000000002328,2063038.5
1155,835,3.89999999996508,2063008
1158,835,3.90000000002328,2062993.25
1160,832,4,2062954.5
1160,833,3.89999999996508,2062955.75
1162,832,3.90000000002328,2062950.5
1164,828,3.90000000002328,2049440
1166,828,4,2049454.5
1166,826,3.89999999996508,2049458.5
1166,826,7.79999999998836,2049458.5
1166,828,4,2049454.5
1164,833,3.90000000002328,2062939.75
1163,829,7.79999999998836,2049436
1163,828,4,2049439.75
1161,827,3.90000000002328,2049420
1160,824,7.79999999998836,2049408
1161,822,4,2049495.75
1158,821,3.90000000002328,2049319.75
1156,824,7.79999999998836,2049402.5
1156,825,4,2049401.25
1157,828,3.89999999996508,2049377.25
1159,829,7.80000000004657,2049388
1160,826,4,2049422.5
1161,827,3.89999999996508,2049420
1163,828,7.79999999998836,2049439.75
1164,826,4,2049462.5
1167,823,3.90000000002328,2049472
1167,818,3.90000000002328,2049531.75
1168,814,3.89999999996508,2049878.5
1169,819,4,2049542.5
1170,816,3.90000000002328,2049550.5
1169,815,3.89999999996508,2049876
1168,817,3.90000000002328,2049539.75
1166,816,3.90000000002328,2049534.5
1164,817,4.09999999997672,2049523.75
1160,813,4,2049211.75
1160,815,4,2049215.75
1161,816,4,2049515.75
1161,815,4,2049214.5
1160,815,4,2049215.75
1160,812,4,2049210.5
1160,800,4,2049088
1157,809,4,2049240
1156,803,4,2049077.25
1158,798,4,2049000
540,519,243.400000000023,525285.25
545,518,3.89999999996508,525373.25
540,516,4,525280
536,515,3.90000000002328,525263.75
542,512,3.89999999996508,525308
545,508,4,873459.75
545,509,3.90000000002328,873458.5
550,508,4,873420
546,506,3.90000000002328,873442.5
549,504,3.89999999996508,873433.25
551,502,4,873259.75
548,504,3.90000000002328,873434.5
547,505,3.89999999996508,873444
550,502,4,873256
547,505,3.90000000002328,873444
543,507,3.90000000002328,873530.5
543,513,4,525310.5
538,515,3.89999999996508,525259.75
540,514,3.90000000002328,525302.5
543,512,4,525311.75
545,514,3.89999999996508,525319.75
542,515,3.90000000002328,525299.75
547,514,4,525323.75
545,513,3.90000000002328,525314.5
543,514,7.89999999996508,525297.25
546,514,3.90000000002328,525320
551,515,4,525338.5
549,513,7.79999999998836,525330.5
552,511,4,873407.75
552,510,3.90000000002328,873404
550,511,7.89999999996508,873411.75
549,510,3.90000000002328,873415.75
548,511,4,873413.25
543,511,7.79999999998836,873472
542,507,4,873529.25
540,506,3.90000000002328,873524
540,505,7.89999999996508,873523.75
538,503,3.90000000002328,873595.75
537,501,4,873586.5
539,499,7.89999999996508,873568
536,498,3.90000000002328,873580
535,496,3.90000000002328,873621.25
537,496,4,873577.25
537,492,4,874385.25
540,490,4,874422.5
544,490,4,873156
544,489,4,873155.75
543,490,4,874417.25
548,488,4,873168
551,489,4,873174.5
547,491,4,873162.5
549,491,3.89999999996508,873180
551,492,4,873189.25
549,494,4,873197.25
552,496,4,873280
548,498,4,873270.5
547,499,4,873226.5
548,499,4,873269.25
550,500,4,873262.5
548,502,4,873252
545,503,4,873238.5
549,502,8,873255.75
546,501,4,873245.25
547,501,4,873244
549,500,8,873249.25
547,499,4,873226.5
548,499,4,873269.25
549,498,8,873271.75
548,498,4,873270.5
550,497,4,873277.25
547,495,8,873200
552,494,4,872982.5
1035,792,80,2032005.25
1036,792,4,2032058.5
1036,792,4,2032058.5
1036,792,4,2032058.5
1037,793,4,2032056
1037,793,8,2032056
1037,791,4,2032078.5
1037,789,4,2032072
1035,789,8,2032094.5
1034,788,4,2032092
1033,788,4,2032091.75
1032,789,8,2032089.25
1031,790,3.90000000002328,2031913.25
1030,792,4,2031996
1030,792,8,2031996
1028,793,4,2031993.25
1028,793,4,2031993.25
1027,794,8,2031945.25
1027,794,4,2031945.25
1025,793,4,2031938.5
1024,792,8,2031936
1023,787,4,719952
1023,785,4,719956
1021,783,4,720806.5
1021,778,4,720823.75
1021,779,4,720820
1021,777,4,720824
1021,776,4,720827.75
1022,777,4,720829.25
1022,777,4,720829.25
1022,777,4,720829.25
1022,777,4,720829.25
1023,780,4,720815.75
1024,781,4,2031857.25
1025,778,4,2031853.25
1027,780,4,2031861.25
1027,780,4,2031861.25
1027,779,4,2031840
1027,778,4,2031843.75
1026,775,4,2031641.25
1026,771,4,2031627.75
1026,773,4,2031645.25
1027,772,8,2031647.75
1027,772,4,2031647.75
1028,771,4,2031669.25
1029,772,8,2031649.25
1029,774,4,2031655.75
1032,773,4,2031739.75
1034,773,8,2031735.75
1037,774,4,2031725.25
1036,774,4,2031726.5
1040,777,8,2032489.25
1376,892,52,1868122.5
1380,888,4,1868144
1382,891,4,1868153.25
1387,893,4,1868086.5
1387,897,4,1867462.5
1389,897,4,1867512
1390,895,4,1868035.75
1393,894,4,1868029.25
1395,893,4,1868020
1395,893,4,1868020
1396,893,4,1868001.25
1398,892,4,1868004
1399,892,4,1868005.25
1399,892,4,1868005.25
1397,892,4,1868003.75
1397,893,4,1868002.5
648,449,443.799999999988,864323.75
654,448,4,864340
648,444,4,864026.5
650,440,4,864044
651,437,4,864118.5
650,438,3.90000000002328,864120
652,437,4,864073.25
653,437,4,864072
654,434,4,864082.5
656,434,4,863758.5
656,432,4,863744
656,428,4,863728
654,427,4,863411.75
654,428,4,863406.5
653,431,4,863398.5
652,434,4,864092
652,439,8,864069.25
651,445,4,864030.5
652,447,4,864015.75
651,452,8,864373.25
650,453,4,864375.75
650,451,4,864329.25
652,456,8,864400
653,460,4,864419.75
654,463,4,864427.75
653,467,8,864758.5
654,468,4,864710.5
655,471,4,864704
656,471,8,864831.75
656,473,4,864833.25
655,474,4,864689.25
656,475,4,864847.75
656,476,4,864848
656,476,4,864848
656,472,4,864832
657,468,4,864825.25
659,465,4,864780
662,463,4,865089.25
661,462,4,865101.25
660,460,4,865098.5
662,460,4,865094.5
663,460,4,865093.25
664,459,4,865071.75
664,459,4,865071.75
665,459,4,865070.5
665,459,4,865070.5
667,460,4,865077.25
666,461,4,865079.75
666,460,4,865076
667,457,4,865060
669,455,4,865254.5
668,453,4,865251.75
667,451,4,865226.5
1165,772,64,2048201.25
1168,768,4,2048256
1172,773,8,2048291.75
1178,773,4,2048375.75
1177,774,4,2048381.25
1181,778,8,2048413.25
1183,779,4,2048410.5
1186,782,4,2051666.5
1188,779,4,2051701.25
1191,777,4.09999999997672,2051708
1193,776,4,2051625.25
1196,775,4,2051813.25
1200,776,8,2051904
1201,775,4,2051902.5
1201,770,4,2051847.75
1203,772,4,2051893.25
1205,768,3.90000000002328,2051859.75
1206,766,3.89999999996508,1970242.5
1208,764,4,1970224
1207,764,3.90000000002328,1970245.25
1207,768,3.89999999996508,2051861.25
1206,767,3.90000000002328,1970241.25
1206,760,4,1970302.5
1205,765,7.79999999998836,1970248
1205,764,4,1970249.25
1206,760,3.90000000002328,1970302.5
1204,759,7.89999999996508,1970319.75
1202,759,3.90000000002328,1970323.75
1201,757,3.90000000002328,1970328
1199,757,4,1971046.5
1200,757,3.89999999996508,1970329.25
1200,757,3.90000000002328,1970329.25
1200,759,3.89999999996508,1970325.25
1199,760,7.90000000002328,1971093.25
1201,758,3.90000000002328,1970327.75
1198,758,4,1971048
1198,755,7.79999999998836,1971035.75
1199,755,4,1971034.5
1198,760,3.89999999996508,1971092
1199,761,7.90000000002328,1971094.5
1198,761,3.90000000002328,1971095.75
1196,760,3.89999999996508,1971088
1197,756,3.90000000002328,1971043.75
1195,755,4,1971018.5
1196,750,3.89999999996508,1970700
1194,747,3.90000000002328,1970723.75
1194,745,4,1970733.25
1193,740,3.90000000002328,1970803.75
1193,743,3.89999999996508,1970812
1193,741,4,1970802.5
1195,740,3.90000000002328,1970805.25
765,679,82.7999999999884,563564
755,680,4,563685.25
746,679,8,563411.75
732,673,4,564571.75
765,672,4,563539.75
748,672,8,563440
737,669,4,563192
740,671,4,563183.75
750,665,4,563005.25
747,663,4,563066.5
746,655,4,562329.25
748,646,4,562380
739,649,4,562246.5
751,659,4,563024
756,667,4,562911.75
755,663,4,562714.5
755,668,4,562933.25
760,670,4,562876
759,666,4,562899.75
761,673,4,563522.5
759,645,4,562476
760,670,4,562876
1404,927,120,1866767.75
1401,920,4,1866795.75
1398,922,4,1866968
1404,922,4,1866804
1398,916,4,1866892
1397,909,4,1867618.5
1396,910,4,1867620
1399,907,4,1867632
1404,907,4,1867701.25
1404,903,4,1867727.75
1407,905,4,1867710.5
1407,903,4,1867712
1409,901,4,1845938.5
1409,898,4,1845933.25
1409,898,4,1845933.25
1408,896,4,1845930.5
1407,899,4,1867770.5
1409,899,4,1845934.5
1409,897,4,1845928
1405,893,8,1867784
1406,894,4,1867778.5
1406,892,4,1867782.5
1410,895,8,1889625.25
1408,893,4,1889619.75
1409,894,4,1889623.75
1408,894,56,1889620
1409,891,4,1889612
1410,890,3.90000000002328,1889608
1408,889,4,1889601.25
1407,889,4,1867836
1407,889,4,1867836
1409,890,4,1889613.25
1405,889,4,1867826.5
1405,891,4,1867830.5
1405,890,4,1867831.75
1403,891,4,1867808
1404,890,4,1867828
1403,889,4,1867822.5
1401,887,4,1867900
1550,894,108,1818536
1551,894,4,1818537.25
1559,895,8,1817664
1562,890,4,1817634.5
1565,888,4,1817625.25
1566,885,8,1817837.25
1570,884,4,1817524
1570,884,4,1817524
1574,883,8,1817489.25
1574,880,4,1817494.5
1575,878,4,1816683.75
1575,878,4,1816683.75
1575,877,4,1816684
1575,873,4,1816702.5
1574,873,4,1816701.25
1575,872,8,1816703.75
1575,872,4,1816703.75
1575,872,4,1816703.75
1577,872,8,1816707.75
1576,873,4,1816705.25
1576,874,4,1816718.5
819,337,87.6999999999534,833030.5
816,325,3.90000000002328,832787.75
813,333,4,832674.5
810,328,3.90000000002328,832644
806,322,4,832536
801,322,3.89999999996508,832519.75
801,314,3.90000000002328,827751.75
797,313,4,831122.5
793,312,3.89999999996508,831105.25
789,315,4,831198.5
786,312,3.90000000002328,831206.5
784,313,3.90000000002328,831211.75
779,317,4,831262.5
778,316,3.89999999996508,831260
776,320,3.90000000002328,831552
774,324,4,831534.5
772,330,3.89999999996508,831708
772,334,4,831686.5
771,344,7.80000000004657,831813.25
770,350,4,831832
770,356,3.89999999996508,835252
769,362,7.90000000002328,835271.75
768,363,3.89999999996508,835269.25
769,365,4,835320
768,364,7.80000000004657,835322.5
767,369,4,912124
766,372,3.89999999996508,912070.5
767,376,7.90000000002328,912063.75
766,378,3.89999999996508,912050.5
766,379,4,912051.75
767,378,7.90000000002328,912049.25
766,375,3.90000000002328,912065.25
766,377,3.89999999996508,912061.25
765,381,7.90000000002328,912034.5
764,381,4,912035.75
764,380,3.89999999996508,912032
764,377,3.90000000002328,912057.25
764,378,4,912054.5
764,378,3.90000000002328,912054.5
763,382,3.89999999996508,912027.75
762,381,4,912029.25
761,376,3.90000000002328,912003.75
761,376,4,912003.75
761,371,3.89999999996508,912100
761,369,3.90000000002328,912104
760,367,4,912191.75
760,366,4,912190.5
758,370,4,911896
756,376,4,911994.5
756,378,3.90000000002328,911990.5
756,378,4,911990.5
757,371,4,911900
757,371,4,911900
757,378,4,911991.75
756,381,4,911971.75
756,381,8,911971.75
757,377,4,911992
757,382,3.89999999996508,911975.75
759,380,8,911983.75
760,378,4,912014.5
760,373,4,912089.25
761,377,8,912002.5
760,381,3.90000000002328,912019.75
759,381,4,911980
761,381,8,912018.5
760,382,4,912020
758,383,4,911977.25
760,379,7.89999999996508,912015.75
760,382,4,912020
760,386,4,857452
637,469,47.8000000000466,869602.5
631,468,4,869509.25
626,467,4,869539.75
626,471,4,869523.75
623,471,4,870250.5
621,473,4,870290.5
620,471,3.89999999996508,870255.75
619,471,4,870256
619,469,4,870260
619,466,4,870219.75
619,465,4,870220
619,463,4,869904
619,464,7.90000000002328,870223.75
620,462,4,869900
620,461,4,869899.75
621,461,8,869896
622,461,4,869895.75
622,462,4,869890.5
622,464,8,870228
624,465,4,869545.25
624,464,4,869546.5
623,464,8,870229.25
623,465,4,870230.5
624,464,4,869546.5
623,464,8,870229.25
624,463,4,869887.75
624,463,4,869887.75
623,463,4,869888
621,464,4,870227.75
621,463,4,869902.5
621,461,4,869896
620,462,4,869900
622,461,4,869895.75
621,461,4,869896
620,461,3.89999999996508,869899.75
620,460,4,869898.5
619,460,4,869919.75
618,460,4,869916
616,454,4,870014.5
616,453,4,870001.25
615,455,4,870016
615,456,4,870101.25
613,454,4,870023.75
611,450,4,870051.75
612,452,4,870026.5
612,454,4,870022.5
612,450,8,870044
609,446,4,883031.75
609,442,4,883021.25
612,450,8,870044
613,448,4,870041.25
613,445,4,883042.5
614,447,8.10000000003492,883049.25
616,446,4,883092
401,834,216.099999999977,449287.75
404,835,4,449311.75
402,833,4,449293.25
402,833,4,449293.25
402,838,4,449330.5
406,834,4,449304
406,834,4,449304
406,839,4,449323.75
403,841,4,449350.5
401,841,4,449346.5
397,843,4,449054.5
398,843,4,449041.25
396,846,4,449030.5
399,844,4,449039.75
398,843,4,449041.25
398,841,4,449047.75
396,840,4,449050.5
396,845,4,449033.25
397,845,4,449032
398,840,4,449046.5
398,841,4,449047.75
400,838,4,449340
401,836,3.90000000002328,449337.25
401,838,7.89999999996508,449341.25
398,833,3.90000000002328,449277.25
400,835,3.90000000002328,449285.25
402,838,7.89999999996508,449330.5
402,840,3.90000000002328,449348
398,838,4,449256
394,840,7.79999999998836,449062.5
397,841,4,449048
616,760,157.299999999988,574336
617,671,7.90000000002328,579518.5
615,661,3.89999999996508,579372
617,673,3.90000000002328,578242.5
613,676,7.90000000002328,578185.25
613,675,3.89999999996508,578230.5
613,677,4,578184
614,688,8,577982.5
616,684,4,578096
617,752,4.10000000003492,574273.25
618,685,4,578103.75
619,681,4,578084
619,738,4,574051.75
617,672,4,578243.75
618,715,4,576649.25
620,681,4,578075.75
623,676,4,578287.75
921,606,80,774845.25
923,602,8,774795.75
926,602,4,774808
926,599,4,774763.75
929,601,8,777576
928,603,4,777573.25
927,603,4,774810.5
926,594,8,774744
927,597,4,774758.5
929,594,4,777639.75
930,597,8,777629.25
931,597,4,777630.5
930,597,4,777629.25
930,596,8,777628
930,595,4,777635.75
929,594,4,777639.75
930,592,8,777644
930,591,4,777811.75
931,594,4,777633.25
931,597,8,777630.5
930,597,4,777629.25
930,599,4,777619.75
929,598,8,777623.75
930,600,4,777580
929,600,8,777579.75
930,602,4,777570.5
929,602,4,777575.75
929,605,8,777560
930,606,4,777554.5
928,609,4,776193.25
927,606,4,774825.25
927,608,8,776191.75
927,604,4,774821.25
928,608,4,776192
929,607,8,777556
930,607,4,777555.75
929,609,4,776194.5
931,610,7.89999999996508,776201.25
932,608,4,776250.5
930,605,4,777565.25
930,606,8,777554.5
928,608,4,776192
929,610,4,776205.25
930,613,4,776221.25
929,611,4,776204
927,612,4,776175.75
650,555,64,541833.25
648,555,8,541829.25
647,553,4,541908
645,552,4,541913.25
641,552,8,541929.25
638,552,4,536894.5
637,553,4,536882.5
638,553,8,536893.25
638,559,4,536833.25
638,560,4,536828
638,559,8,536833.25
637,560,3.90000000002328,536827.75
638,559,4,536833.25
637,564,7.79999999998836,536801.25
636,567,4,536805.25
639,571,3.90000000002328,536592
639,572,7.89999999996508,536591.75
639,576,3.90000000002328,536575.75
639,573,4,536590.5
640,577,3.89999999996508,555691.75
638,575,3.90000000002328,536579.75
637,576,4,536561.25
638,579,3.90000000002328,536569.25
637,577,3.89999999996508,536562.5
635,576,4,536559.75
635,577,3.90000000002328,536558.5
635,577,3.89999999996508,536558.5
634,578,4,536546.5
636,578,3.90000000002328,536564
632,577,3.90000000002328,536553.25
1264,812,70.8999999999651,2054640
1258,802,3.90000000002328,2054370.5
1256,809,3.89999999996508,2054273.25
1264,808,7.90000000002328,2054634.5
1263,811,3.90000000002328,2054320
1266,816,4,2054660
1267,819,7.89999999996508,2054666.5
1270,815,3.90000000002328,2054595.75
1271,824,3.89999999996508,2054869.25
1270,818,4,2054706.5
1271,819,3.90000000002328,2054704
1270,816,3.90000000002328,2054716
1268,818,4,2054710.5
1271,822,3.89999999996508,2054699.75
1270,818,3.90000000002328,2054706.5
1268,818,4,2054710.5
1267,821,3.89999999996508,2054684
1266,813,4,2054647.75
1263,814,4,2054315.75
1262,819,4,2054993.25
1263,818,4,2054995.75
1262,816,4,2054998.5
1267,682,4,1981281.25
1268,817,4,2054713.25
1270,817,4,2054717.25
