x,y,t,h
1548,553,4,1574033.25
1546,552,4,1574030.5
1544,561,4,1574377.25
1545,554,4,1574023.75
1545,559,4,1574078.5
1543,564,4,1574181.25
1542,568,8,1574268
1544,556,4,1574074.5
1543,560,4,1574165.25
1542,556,8,1574092
1540,556,4,1574090.5
1538,561,4,1574157.25
1537,562,8,1574151.75
1537,560,4,1574145.25
1536,564,4,1574202.5
1535,565,8,1921102.5
1535,564,4,1921103.75
1533,566,4,1921095.75
1533,567,8,1921092
1532,574,4,1921036
1531,576,4,1920965.25
1530,576,8,1920964
1531,574,4,1921041.25
1532,576,4,1921018.5
1531,577,8,1920966.5
1531,579,4,1920970.5
1530,580,4,1920990.5
1532,574,8,1921036
1531,576,4,1920965.25
1531,579,4,1920970.5
1529,576,4,1920963.75
1529,577,4,1920962.5
1529,581,4,1920978.5
1528,582,4,1920980
1526,584,8,1920894.5
1524,583,4,1920911.75
1523,585,4,1920878.5
1522,583,4,1920915.75
1520,585,4,1920873.25
1521,585,4,1920872
1522,581,4,1920925.25
1522,582,8.0999999998603,1920914.5
1522,585,4,1920877.25
1520,582,4,1920918.5
1519,587,8,1920154.5
1519,588,4,1920165.25
1519,591,4,1920170.5
1520,587,8,1920869.25
1518,595,3.9000000001397,1920505.25
1519,596,3.89999999990687,1920453.25
1518,599,4,1920449.25
1517,597,3.89999999990687,1920456
1516,602,3.9000000001397,1920438.5
1515,604,4,1920415.75
1515,604,7.80000000004657,1920415.75
1514,606,4,1920408
910,807,62.8999999999069,714473.25
910,810,4,714258.5
920,814,3.89999999990687,714644
918,813,3.9000000001397,714605.25
914,819,4,713889.25
915,821,3.89999999990687,713910.5
916,819,4,713887.75
914,819,3.9000000001397,713889.25
914,818,3.89999999990687,713890.5
912,819,7.89999999990687,713903.75
907,819,3.9000000001397,714186.5
902,821,4,714119.75
899,821,7.80000000004657,714142.5
893,824,4,662163.75
886,825,3.89999999990687,662231.75
884,826,7.80000000004657,662236
884,827,4,662239.75
882,828,3.89999999990687,662260
877,829,7.80000000004657,662280
878,826,4,662328
877,824,3.89999999990687,662321.25
875,826,7.80000000004657,662305.25
874,825,4,662317.25
871,827,3.9000000001397,662490.5
875,825,3.89999999990687,662318.5
876,823,3.89999999990687,662341.25
878,824,4,662334.5
876,832,4,664816
875,839,3.9000000001397,664784
876,845,4,664739.75
875,849,4,665444
874,851,4,665441.25
877,859,4,665398.5
878,862,4,665346.5
880,864,3.89999999990687,665856
878,859,4,665401.25
877,856,4,665393.25
876,853,4,665417.25
876,853,4,665417.25
876,840,4,664762.5
874,838,3.9000000001397,664786.5
872,836,4,664794.5
873,829,4,662296
871,832,8,664597.25
869,828,4,662499.75
868,824,3.89999999990687,662480
871,823,8,662400
869,823,4,662404
869,824,4,662483.75
868,823,8,662405.25
868,824,3.89999999990687,662480
872,826,4,662310.5
875,820,8,662389.25
871,828,4,662501.25
873,828,4,662299.75
874,828,7.9000000001397,662300
875,832,4,664815.75
873,831,4,662292
877,832,8,664817.25
878,834,3.89999999990687,664824
879,834,4,664827.75
881,836,8,664849.25
886,835,4,664883.75
889,836,4,664953.25
888,836,3.9000000001397,664954.5
894,833,4,664919.75
897,834,4,711335.75
902,830,4,714050.5
898,833,4,711341.25
900,834,4,711348
899,832,3.89999999990687,711343.75
899,833,4,711342.5
896,833,4,711337.25
897,831,4,714068
896,831,4,714069.25
896,831,4,714069.25
894,833,4,664919.75
893,831,4,662188
889,832,4,664897.25
888,827,8,662149.25
888,827,4,662149.25
889,826,4,662151.75
889,825,8,662146.5
890,825,4,662157.25
890,826,4,662152
889,826,8,662151.75
893,824,4,662163.75
891,824,4,662159.75
891,825,8,662156
896,824,4,714090.5
901,824,4,714097.25
897,825,8,714088
902,826,4.10000000009313,714104
900,827,4,714101.25
904,827,8,714031.75
901,828,4,714057.25
591,810,48.1999999999534,597563.75
596,807,4,597381.25
595,808,4,597455.75
593,809,4,597442.5
596,808,4,597456
593,808,4,597441.25
592,809,4,597443.75
590,808,4,597566.5
590,809,4.0999999998603,597565.25
593,810,8,597447.75
594,809,4,597453.25
594,812,4,597494.5
594,814,8,597490.5
591,816,4,597845.25
592,817,4.10000000009313,597161.25
593,819,8,597156
592,822,4,597142.5
592,825,4,597097.25
590,826,8,597912
591,826,4,597913.25
590,826,4.10000000009313,597912
589,824,8,597907.75
589,824,4,597907.75
591,821,4,597862.5
590,818,8,597848
590,819,4,597851.75
588,815,4,597519.75
587,814,8,597521.25
585,811,4,597540
587,810,4,597537.25
585,808,8,597547.75
584,808,4,597546.5
584,808,4,597546.5
583,809,8,597718.5
581,808,4,597715.75
581,810,4,597725.25
580,809,4,597713.25
579,811,4,597706.5
581,811,4,597724
582,813,8,597735.75
581,815,4,597740
583,816,4,597823.75
582,818,4,597810.5
581,823,8,597798.5
581,823,4,597798.5
580,826,4,597980
581,827,8,597982.5
581,829,4,597960
582,828,4,597964
582,829,8,597965.25
583,826,4,597971.75
585,824,4,597889.25
585,821,8,597880
586,815,4,597523.75
587,814,4,597521.25
587,816,4,597839.75
588,814,4,597516
587,813,4,597534.5
587,811,4,597536
585,811,4,597540
585,812,4,597531.75
584,812,4.0999999998603,597530.5
584,812,4,597530.5
583,812,4,597733.25
583,814,4,597737.25
584,816,4,597824
585,817,4,597826.5
583,819,4,597808
582,823,4,597801.25
581,827,4,597982.5
582,828,3.9000000001397,597964
580,829,4,597961.25
791,928,47.1999999999534,675221.25
798,938,3.89999999990687,675128
797,933,3.9000000001397,675144
806,933,7.89999999990687,673831.75
809,933,4,674008
809,930,3.89999999990687,674023.75
812,935,7.9000000001397,673999.75
813,938,3.89999999990687,673975.75
815,938,3.9000000001397,673969.25
815,933,7.89999999990687,673988
817,933,3.89999999990687,674066.5
820,930,4,674102.5
820,929,3.9000000001397,674105.25
819,929,3.89999999990687,674054.5
817,932,4,674065.25
814,935,3.9000000001397,673985.25
813,937,3.89999999990687,673976
811,938,4,673929.25
810,940,3.89999999990687,673950.5
812,940,4,673952
812,944,3.9000000001397,674650.5
813,944,3.89999999990687,674649.25
813,947,4,674654.5
815,946,3.9000000001397,674643.75
818,947,3.89999999990687,674315.75
819,944,4,674309.25
820,942,3.89999999990687,674246.5
820,944,3.9000000001397,674362.5
821,944,4,674363.75
821,943,3.89999999990687,674244
820,944,3.9000000001397,674362.5
819,943,4,674298.5
815,943,3.89999999990687,673962.5
813,943,3.89999999990687,673958.5
807,943,4,673898.5
805,941,7.80000000004657,673890.5
802,943,4,673881.25
797,943,3.9000000001397,675086.5
796,944,7.89999999990687,675066.5
793,944,4,675011.75
792,944,4,675008
790,944,8,675006.5
787,946,4,674977.25
788,947,4,674997.25
789,944,8,674993.25
791,945,3.89999999990687,675004
788,947,4,674997.25
788,948,8,674954.5
788,948,4,674954.5
788,950,4,674956
789,950,4,674957.25
790,949,4,674951.75
790,949,4,674951.75
617,811,75.8000000000466,596108
619,806,4,596177.25
621,802,8,596215.75
620,802,4,596212
619,799,3.9000000001397,595728
619,798,8,595729.25
618,797,4,595741.25
618,796,4,595740
618,797,8,595741.25
615,802,4,595993.25
614,805,4,596007.75
613,811,8,596084
612,811,3.89999999990687,596085.25
609,813,4,596050.5
609,815,8,596054.5
608,816,4,596906.5
607,818,4,597233.25
608,819,4,596911.75
606,821,4,597229.25
604,823,4,597221.25
606,822,4,597224
607,824,4,597013.25
606,823,4,597225.25
607,824,4,597013.25
608,826,4,596932
609,825,4,596930.5
609,825,4,596930.5
610,824,4,596942.5
609,822,4,596925.25
610,820,4,596916
612,817,4,596891.75
611,813,4,596060
612,809,4,596089.25
613,809,4,596088
614,807,4,596011.75
613,805,4,596002.5
614,803,8,595995.75
615,802,4,595993.25
615,801,4,595990.5
615,800,8,595989.25
615,800,4,595989.25
614,801,4,595991.75
614,802,8,595992
613,804,4,596003.75
612,806,4,596014.5
611,809,8,596038.5
612,811,4,596085.25
609,814,4,596055.75
609,817,8,596904
608,820,4,596912
607,824,4,597013.25
607,824,8,597013.25
605,827,4,597022.5
605,827,4,597022.5
605,827,4,597022.5
603,827,4,597024
604,826,4,597020
602,825,4,597031.75
604,823,4,597221.25
605,822,4,597223.75
604,820,4,597216
604,818,4,597238.5
606,816,4,597244
606,814,4,597250.5
606,813,4,597255.75
607,812,4,597253.25
608,810,4,596046.5
608,809,4,596033.25
608,808,4,596032
607,806,3.89999999990687,597313.25
606,806,4,597314.5
607,804,3.9000000001397,597327.75
606,804,3.89999999990687,597324
606,805,4,597325.25
606,805,3.9000000001397,597325.25
605,806,3.89999999990687,597319.75
603,807,4,597370.5
602,811,3.89999999990687,597283.75
601,811,7.9000000001397,597284
598,812,3.89999999990687,597476
599,817,3.9000000001397,597180
597,819,7.89999999990687,597174.5
597,818,3.89999999990687,597175.75
595,819,3.9000000001397,597152
594,820,7.89999999990687,597148
595,817,3.9000000001397,597166.5
595,817,4,597166.5
596,817,7.79999999981374,597171.75
596,814,4,597486.5
596,814,3.9000000001397,597486.5
597,813,3.89999999990687,597474.5
597,814,3.9000000001397,597485.25
598,816,4,597182.5
601,816,3.89999999990687,597187.75
604,815,3.89999999990687,597263.75
605,816,4,597243.75
605,817,3.9000000001397,597240
607,820,3.89999999990687,597231.75
607,818,4,597233.25
608,819,3.9000000001397,596911.75
608,817,3.89999999990687,596907.75
609,816,4,596905.25
610,814,3.89999999990687,596056
609,812,3.9000000001397,596049.25
608,809,3.89999999990687,596033.25
607,809,4,597308
606,807,3.9000000001397,597315.75
605,808,3.89999999990687,597297.25
604,806,4,597318.5
603,806,3.89999999990687,597369.25
600,807,3.9000000001397,597375.75
601,808,4,597291.75
600,811,3.89999999990687,597285.25
599,813,7.9000000001397,597478.5
598,816,3.89999999990687,597182.5
597,818,3.89999999990687,597175.75
596,820,7.9000000001397,597130.5
596,821,3.89999999990687,597131.75
596,823,3.9000000001397,597135.75
595,824,8,597103.75
594,824,4,597100
594,824,4,597100
595,824,8,597103.75
594,823,3.89999999990687,597139.75
596,819,4,597173.25
597,819,8,597174.5
599,815,4,597482.5
601,811,4,597284
602,811,8,597283.75
604,807,4,597317.25
604,806,3.89999999990687,597318.5
606,804,4,597324
608,803,4,595973.25
606,800,4,597334.5
608,798,4,595964
609,798,4,595965.25
607,797,4,594604
608,798,4,595964
608,798,4,595964
606,797,3.9000000001397,594605.25
605,799,4,594598.5
604,800,4,597338.5
600,803,4,597359.75
598,804,4,597388
597,806,4,597383.75
594,808,4,597454.5
591,810,8,597563.75
589,813,3.89999999990687,597512
589,812,4,597513.25
588,814,8,597516
586,817,4,597837.25
585,820,4,597881.25
584,819,8,597829.25
586,818,4,597832
587,819,3.9000000001397,597834.5
586,816,8,597838.5
589,817,4,597842.5
590,814,4,597506.5
592,811,8,597445.25
593,809,4,597442.5
593,806,4,597437.25
596,803,7.89999999990687,597407.75
597,800,4,597401.25
600,797,4,594579.75
599,793,4,594558.5
601,792,4,594563.75
602,794,4,594568
602,793,4,594567.75
604,794,4,594614.5
603,797,4,594588
599,803,4,597392
595,808,4,597455.75
596,812,4,597472
593,817,4,597160
592,821,4,597145.25
590,825,4,597911.75
589,827,4,597916
588,830,4,597934.5
587,832,4,598095.75
584,835,4,598085.25
583,837,4,598060
584,838,4,598140
586,838,4,598130.5
584,838,8,598140
583,839,4,598058.5
583,839,4,598058.5
584,839,8,598143.75
582,837,4,598061.25
582,834,4,598066.5
582,830,8,597954.5
581,829,4,597960
580,827,4,597983.75
581,826,8,597981.25
580,825,4,597979.75
581,823,4,597798.5
581,822,8,597799.75
581,822,4,597799.75
581,820,4,597793.25
582,819,4.10000000009313,597811.75
582,816,4,597820
582,819,4,597811.75
583,817,4,597822.5
584,819,4,597829.25
585,819,4,597830.5
585,821,4,597880
586,823,4,597873.25
586,825,4,597901.25
586,824,4,597902.5
585,825,4,597890.5
584,826,4.0999999998603,597892
583,829,4,597966.5
583,829,4,597966.5
582,830,4,597954.5
580,829,4,597961.25
578,829,4,598007.75
576,830,4,598014.5
575,831,4,592554.5
574,830,4,592552
571,829,4,592540
570,827,4,592523.75
569,824,4,592515.75
569,826,8.10000000009313,592525.25
566,822,4,592424
563,822,4,592435.75
564,820,8,592416
563,819,4,592394.5
565,817,4,592402.5
563,816,8,592399.75
563,815,4,592720
562,815,4,592723.75
561,817,8,592386.5
561,819,4,592390.5
562,818,4,592392
564,817,8,592401.25
568,817,4.0999999998603,592617.25
569,819,4,592612
570,821,8,592605.25
570,822,4,592594.5
574,823,4,592577.25
576,825,4,597995.75
579,828,4,598005.25
581,830,4,597959.75
581,829,4,597960
582,831,8,597955.75
584,835,4,598085.25
583,837,4,598060
582,838,4,598056
583,838,4,598059.75
583,838,4,598059.75
584,840,4,598144
583,839,4,598058.5
583,837,4.10000000009313,598060
584,836,4,598138.5
584,834,4,598084
585,832,8,598081.25
584,829,4,597947.75
584,827,4,597893.25
584,825,8,597891.75
584,824,4,597888
586,823,4,597873.25
585,822,4,597885.25
585,822,4,597885.25
584,823,4,597887.75
585,822,4,597885.25
584,821,8,597883.75
585,819,4,597830.5
588,820,4.10000000009313,597856
588,822,8,597870.5
590,824,4,597908
589,826,3.89999999990687,597917.25
588,827,7.89999999990687,597919.75
589,829,3.9000000001397,597922.5
588,831,3.89999999990687,597935.75
588,833,4,598097.25
588,834,3.9000000001397,598110.5
589,835,3.89999999990687,598108
589,839,4,598124
588,840,3.89999999990687,598160
587,839,3.9000000001397,598128
586,838,4,598130.5
586,838,3.89999999990687,598130.5
586,837,3.9000000001397,598135.75
586,834,4,598088
587,833,3.89999999990687,598092
587,830,3.89999999990687,597939.75
586,831,4,597937.25
585,830,3.9000000001397,597949.25
584,827,3.89999999990687,597893.25
585,826,4,597895.75
584,827,3.9000000001397,597893.25
583,827,3.89999999990687,597968
582,827,4,597969.25
582,827,7.80000000004657,597969.25
582,828,4,597964
581,828,3.89999999990687,597963.75
580,828,7.9000000001397,597962.5
582,828,3.89999999990687,597964
582,828,3.89999999990687,597964
583,828,7.9000000001397,597967.75
583,828,3.89999999990687,597967.75
584,828,4,597946.5
586,827,7.80000000004657,597897.25
587,828,4,597941.25
588,830,3.89999999990687,597934.5
588,831,7.9000000001397,597935.75
588,834,3.89999999990687,598110.5
588,836,3.9000000001397,598112
588,835,7.89999999990687,598111.75
588,837,3.89999999990687,598113.25
588,838,4,598126.5
589,839,3.9000000001397,598124
589,840,3.89999999990687,598163.75
590,839,4,598123.75
591,840,3.9000000001397,598165.25
590,839,3.89999999990687,598123.75
592,838,4,598934.5
593,835,3.89999999990687,598948
594,833,3.9000000001397,598957.25
594,833,4,598957.25
596,832,4,598960
595,832,4,598959.75
595,830,4,597073.25
596,829,4,597067.75
596,831,4,597071.75
595,828,3.89999999990687,597087.75
596,827,4,597109.25
595,827,4,597088
595,829,4,597086.5
596,830,4,597068
596,828,8,597066.5
596,828,4,597066.5
595,828,4,597087.75
594,830,8,597074.5
594,831,4,597075.75
592,832,4,598954.5
591,836,8,598117.25
590,839,4,598123.75
589,840,4,598163.75
587,842,8,598155.75
584,843,4,598149.25
584,846,4,598204
581,847,8,598212
581,848,4,598291.75
579,848,4,598287.75
577,846,4,598269.25
577,846,3.9000000001397,598269.25
576,842,4,598252
577,842,4,598253.25
577,838,4,598039.75
577,836,4,598033.25
578,836,4,598046.5
579,834,4,598025.25
582,833,4,598077.25
582,832,4,598076
582,831,4,597955.75
584,831,4,597951.75
585,831,4,597950.5
521,872,48,605315.75
519,873,4,605310.5
517,875,4,605300
515,876,8,605279.75
515,875,4,605258.5
517,874,4,605303.75
517,876,8,605281.25
516,877,4,605283.75
516,880,4,606106.5
514,879,8,605273.25
514,880,4,606118.5
513,882,4,606125.25
513,882,8,606125.25
512,884,4,606128
511,886,4,442433.25
510,888,4,442430.5
509,889,4,442418.5
509,889,4,442418.5
510,891,4,442425.25
511,891,4,442426.5
510,890,4,442424
511,889,4,442428
510,889,4,442429.25
510,888,4,442430.5
509,887,4,442436
510,885,4,442445.25
512,882,4,606124
513,883,4,606126.5
514,881,4,606119.75
514,880,4,606118.5
513,879,4,605270.5
514,880,4,606118.5
514,880,4,606118.5
516,879,4,605285.25
515,879,7.89999999990687,605274.5
516,879,4,605285.25
515,878,4,605275.75
515,879,8,605274.5
513,878,4,605271.75
512,879,4,605269.25
509,880,8,442457.25
510,880,4,442454.5
511,880,4,442453.25
514,881,8.10000000009313,606119.75
517,883,4,606110.5
513,885,4,606130.5
514,888,8,606158.5
517,890,4,606173.25
517,894,4,606189.25
517,894,8,606189.25
518,895,4,606187.75
520,896,4,606272
519,896,8,606271.75
521,895,4,605972
519,894,4,606185.25
517,893,8,606178.5
518,891,4,606171.75
518,889,4,606167.75
519,888,4,606165.25
519,889,4,606166.5
521,890,4,605991.75
522,892,4,605980
523,893,8,605982.5
524,893,4,605963.75
523,894,4,605969.25
524,895,4,605967.75
524,894,4,605964
527,893,4,605956
528,891,4,605935.75
527,891,8,606010.5
528,889,4,605931.75
529,889,4,605928
528,888,8,605930.5
527,891,4,606010.5
526,895,4,605953.25
527,895,8,605952
526,896,4,606292
525,899,4,606300
524,901,4,606305.25
522,903,4,606321.25
522,903,4,606321.25
522,904,4,606350.5
520,904,8,606336
520,904,4,606336
519,903,4,606250.5
519,900,4,606255.75
517,897,4,606264
517,896,4,606267.75
518,892,4,606180
518,890,4,606168
517,889,4,606162.5
516,887,4,606085.25
516,886,4,606086.5
514,887,4,606139.75
514,884,4,606132
515,883,4,606112
514,884,4,606132
513,886,4,606141.25
511,886,4,442433.25
511,888,4,442431.75
509,889,4,442418.5
508,891,4,442421.25
507,893,4,442398.5
506,895,3.89999999990687,442387.75
506,895,3.89999999990687,442387.75
506,896,4,442308
505,898,3.9000000001397,442317.25
505,900,3.89999999990687,442321.25
505,900,7.9000000001397,442321.25
505,902,3.89999999990687,442327.75
504,904,3.89999999990687,442154.5
505,906,7.9000000001397,442157.25
505,906,3.89999999990687,442157.25
506,908,3.9000000001397,442164
507,909,7.89999999990687,442166.5
507,909,3.89999999990687,442166.5
507,910,3.9000000001397,442169.25
507,909,7.89999999990687,442166.5
507,908,3.9000000001397,442165.25
507,907,3.89999999990687,442144
508,904,7.89999999990687,442138.5
509,902,3.9000000001397,442343.75
509,903,3.89999999990687,442342.5
509,901,3.9000000001397,442338.5
509,899,3.89999999990687,442356
509,899,4,442356
509,897,3.89999999990687,442360
509,896,3.9000000001397,442363.75
509,895,3.89999999990687,442382.5
510,896,4,442364
511,896,3.9000000001397,442367.75
512,897,3.89999999990687,606209.25
511,898,3.89999999990687,442353.25
512,898,3.9000000001397,606222.5
511,898,4,442353.25
512,899,3.89999999990687,606223.75
512,900,3.9000000001397,606224
512,901,3.89999999990687,606227.75
513,902,3.89999999990687,606231.75
512,905,4,606443.75
510,908,3.9000000001397,442124
509,910,3.89999999990687,442119.75
507,913,7.9000000001397,442094.5
508,913,3.89999999990687,442099.75
508,913,3.89999999990687,442099.75
509,912,7.80000000004657,442097.25
511,912,4,442111.75
511,911,3.9000000001397,442112
512,908,7.79999999981374,606448
513,908,3.9000000001397,606451.75
513,905,4,606440
513,904,7.80000000004657,606441.25
513,903,3.89999999990687,606230.5
515,901,4,606236
515,899,8,606218.5
517,897,4,606264
517,896,4,606267.75
515,896,8,606213.25
518,894,4.10000000009313,606184
516,896,4,606266.5
517,897,4,606264
516,898,4,606262.5
515,899,4,606218.5
515,900,4,606239.75
514,902,4,606232
513,904,4,606441.25
512,905,4,606443.75
510,907,4,442129.25
509,908,4,442123.75
508,911,4,442117.25
508,911,4,442117.25
508,912,4,442096
509,911,4,442116
509,913,4,442098.5
509,914,4,442103.75
510,913,4,442109.25
510,913,4,442109.25
510,913,4,442109.25
510,912,4,442110.5
511,911,8,442112
511,909,4,442126.5
510,908,4,442124
511,907,8,442128
512,908,4,606448
512,906,4,606444
515,904,8,606437.25
515,903,4,606234.5
516,903,4,606245.25
518,903,8,606249.25
519,904,4,606421.25
520,906,4.0999999998603,606340
520,908,8,606394.5
521,909,4,606392
523,912,4,606703.75
520,912,8,606698.5
521,915,4,606692
520,915,4,606693.25
519,915,4,606490.5
518,916,4,606500
516,918,4,606510.5
517,918,4,606509.25
516,918,4,606510.5
518,918,4,606504
517,918,4,606509.25
516,918,4,606510.5
515,919,4,606512
515,919,4,606512
512,920,4,606528
511,921,4,442046.5
512,921,4,606529.25
510,920,4,442044
508,920,4,442042.5
508,918,4.10000000009313,442060
506,919,4,442067.75
505,917,4,442072
503,917,4,441894.5
503,914,8,441881.25
503,913,4,441878.5
503,911,4,442176
503,909,8,442180
503,906,4,442235.75
504,904,4,442154.5
505,901,8,442322.5
504,901,4,442323.75
502,899,4,442297.25
501,900,8,442249.25
501,900,4,442249.25
500,902,4,442252
500,903,8,442255.75
500,904,4,442224
501,906,4,442231.75
500,908,8,442186.5
501,910,4,442189.25
500,912,4,441872
500,915,8,441887.75
502,917,4,441895.75
502,916,4,441892
503,915,8,441882.5
502,916,4,441892
503,916,4,441893.25
503,918,8,441897.25
502,917,4,441895.75
501,916,4,441891.75
500,916,4,441888
501,914,4,441885.25
501,912,4,441875.75
500,912,8,441872
500,911,4,442191.75
501,910,4.0999999998603,442189.25
502,912,4,441876
502,911,8,442177.25
503,909,4,442180
503,909,4,442180
503,909,7.80000000004657,442180
504,910,4,442174.5
503,910,3.9000000001397,442179.75
503,912,7.89999999990687,441877.25
503,910,3.89999999990687,442179.75
505,908,3.9000000001397,442163.75
505,910,7.89999999990687,442173.25
506,910,3.9000000001397,442168
507,911,4,442170.5
507,911,3.89999999990687,442170.5
507,913,3.89999999990687,442094.5
508,914,4,442100
509,913,3.9000000001397,442098.5
510,914,4,442104
510,916,3.89999999990687,442054.5
512,913,3.9000000001397,606467.75
512,916,4,606522.5
1445,1023,82.6999999999534,1850348
1442,1024,3.89999999990687,2343950.5
1442,1026,3.9000000001397,2343944
1449,1028,7.89999999990687,2344155.75
1450,1031,4,2344147.75
1451,1033,3.89999999990687,2344070.5
1453,1038,7.9000000001397,2344103.75
1452,1040,3.89999999990687,2344794.5
1450,1044,3.9000000001397,2344820
1455,1047,7.89999999990687,2344768
1457,1050,4,2344685.25
1460,1050,3.89999999990687,2344668
1463,1052,7.9000000001397,2344655.75
1464,1054,3.89999999990687,2344636
1465,1055,3.9000000001397,2344638.5
1467,1057,4,2345292
1468,1058,4,2345310.5
1467,1056,4,2345295.75
1470,1057,4,2345303.75
1471,1056,4,2345301.25
1473,1054,4,2357591.75
1475,1053,4,2357598.5
1475,1053,4,2357598.5
1476,1051,4,2357621.25
1477,1050,4,2357623.75
1478,1049,4,2357629.25
1478,1048,4,2357630.5
1480,1047,4,2357717.25
1481,1046,4,2357719.75
1481,1043,4,2357708
1480,1042,4,2357710.5
1479,1040,4,2357695.75
1479,1037,4,2357828
1481,1038,4,2357821.25
1480,1038,8,2357822.5
1480,1040,4,2357696
1481,1039,4,2357820
1482,1038,8,2357816
1479,1038,4,2357827.75
1480,1040,4,2357696
1480,1043,8,2357711.75
1481,1046,4,2357719.75
1481,1047,4,2357718.5
1480,1050,8,2357548
1479,1051,4,2357626.5
1479,1052,4,2357573.25
1479,1052,8,2357573.25
1477,1054,4,2357581.25
1475,1054,4,2357585.25
1476,1053,4,2357579.75
1474,1053,4,2357597.25
1474,1053,4,2357597.25
1473,1051,3.89999999990687,2357604
1472,1051,4,2357605.25
1473,1054,4,2357591.75
1473,1051,4,2357604
1474,1050,4,2357602.5
1473,1050,4,2357607.75
1473,1050,4,2357607.75
1474,1048,4,2357612
1473,1047,4,2357652
1473,1047,4,2357652
1474,1047,4,2357651.75
1474,1046,4,2357650.5
1474,1046,4,2357650.5
1475,1045,4,2357662.5
1476,1046,4,2357644
1475,1047,4,2357648
1476,1047,8,2357647.75
1477,1049,4,2357618.5
1475,1050,3.89999999990687,2357601.25
1476,1050,8,2357620
1479,1054,4,2357571.75
1477,1053,4,2357576
1479,1054,8,2357571.75
1482,1057,4,2356935.75
1409,1023,52,1851388
1407,1019,4,1851450.5
1406,1015,4,1851459.75
1404,1014,4,1851462.5
1402,1013,4,1851511.75
1403,1012,4,1851509.25
1403,1012,4,1851509.25
1403,1012,4,1851509.25
1402,1013,4,1851511.75
1403,1012,4,1851509.25
1403,1012,4,1851509.25
1402,1010,4,1851490.5
1402,1010,3.9000000001397,1851490.5
1402,1011,4,1851489.25
1401,1010,4,1851501.25
1401,1009,4,1851496
1401,1008,4,1851497.25
