x,y,t,h
1228,492,19.6999999999534,1156256
1221,493,3.90000000002328,1156296
1225,494,4,1156285.25
1223,495,7.79999999998836,1156288
1223,495,4,1156288
1225,494,3.90000000002328,1156285.25
1228,492,7.89999999996508,1156256
1228,493,3.90000000002328,1156257.25
1228,495,3.90000000002328,1156271.75
1227,496,7.89999999996508,1156591.75
1226,496,3.90000000002328,1156588
1225,494,4,1156285.25
1225,490,7.79999999998836,1156231.75
1225,485,4,1156216
1223,485,3.90000000002328,1156140
1226,484,3.89999999996508,1156214.5
1224,485,4,1156219.75
1223,483,3.90000000002328,1156144
1219,486,3.89999999996508,1156123.75
1316,488,215.700000000012,1202394.5
1294,502,8,1201602.5
1304,497,4,1201897.25
1289,486,4,1201277.25
1286,489,8,1201367.75
1278,498,4,1157880
1281,500,4,1201465.25
1279,501,8,1157828
1273,499,4,1157860
1273,495,4,1157948
1269,489,8,1158002.5
1267,486,4,1158033.25
1269,486,4,1158029.25
1267,489,8,1157998.5
1266,488,4,1157996
1267,492,4,1157983.75
1268,493,4,1157963.75
1268,490,4,1158004
1267,488,4,1157999.75
1268,484,4.10000000003492,1158026.5
1265,486,4,1158039.75
1268,487,4,1158031.75
1268,495,4,1157967.75
1267,499,4,1157642.5
1265,499,4,1157638.5
1267,508,4,1157727.75
1268,507,4,1157749.25
1270,506,4,1157746.5
1267,510,4,1157723.75
1268,514,4,1987996
1269,522,4,1988061.25
1269,522,4,1988061.25
1271,521,4,1988054.5
1271,519,4,1987968
1268,512,4,1987994.5
1270,510,4,1157736
1272,507,4,1157775.75
1272,509,4,1157779.75
1272,513,4,1987947.75
1274,514,8,1987938.5
1277,508,4.09999999997672,1157793.25
1275,503,4,1157840
1278,505,8,1157821.25
1277,506,4,1157815.75
1278,505,4,1157821.25
1280,509,8,1201491.75
1280,514,4,1944236
1280,515,4,1944239.75
1278,513,8,1987927.75
1278,512,4,1987926.5
1277,509,4,1157794.5
1278,511,8,1157801.25
1283,516,4,1944245.25
1282,526,4,1944306.5
1282,525,4,1944311.75
1283,533,4,1944348
1286,536,4,1944534.5
1287,536,4,1944533.25
1288,543,8,1944511.75
1292,546,4,1944820
1292,548,4,1944778.5
1293,554,4,1944759.75
1292,556,4,1944736
1290,561,4,1945447.75
1290,557,4,1944733.25
1292,558,4,1944740
1289,555,4,1944716
1290,553,4,1944711.75
1289,552,4,1944707.75
1289,547,4,1944804
1285,550,4,1944621.25
1287,544,4,1944597.25
1287,542,4,1944513.25
1285,542,8,1944519.75
1285,541,4,1944520
1286,537,4,1944535.75
1284,538,4,1944540
1285,538,4,1944541.25
1284,538,4,1944540
1285,537,4,1944536
1284,539,8,1944543.75
1285,538,4,1944541.25
1288,540,4,1944506.5
1285,543,8,1944516
1290,541,4,1944503.75
1288,541,4,1944507.75
1288,545,8,1944809.25
1288,547,4,1944805.25
1288,546,4,1944806.5
1285,551,7.90000000002328,1944620
1284,555,4,1944693.25
1285,556,4,1944673.25
1286,559,4,1944681.25
1286,563,4,1945489.25
1287,563,4,1945488
1285,567,4,1945476
1287,570,4,1945561.25
1290,569,4,1945389.25
1295,566,4,1945409.25
1292,560,4,1945434.5
1296,561,4,1945089.25
1299,560,4,1945093.25
1299,555,4,1945056
1298,555,4,1945057.25
1298,555,3.89999999996508,1945057.25
1298,556,4,1945076
1299,558,3.90000000002328,1945081.25
1297,566,3.89999999996508,1945111.75
1298,561,3.90000000002328,1945095.75
1296,566,4,1945108
1295,568,3.90000000002328,1945407.75
1295,565,7.79999999998836,1945422.5
1294,555,4,1944755.75
1291,562,3.89999999996508,1945443.75
1293,560,7.90000000002328,1945433.25
1292,563,3.90000000002328,1945439.75
1292,564,3.89999999996508,1945418.5
1293,566,7.90000000002328,1945415.75
1294,559,3.89999999996508,1944745.25
1294,558,3.90000000002328,1944744
1292,553,7.90000000002328,1944761.25
1292,553,3.89999999996508,1944761.25
1291,562,3.90000000002328,1945443.75
1292,570,7.89999999996508,1945396
1294,577,3.90000000002328,1945687.75
1292,580,3.90000000002328,1945696
1293,571,4,1945398.5
1293,566,3.89999999996508,1945415.75
1293,568,3.90000000002328,1945393.25
1292,563,4,1945439.75
1292,555,3.89999999996508,1944757.25
1293,562,3.90000000002328,1945437.25
1293,558,3.90000000002328,1944743.75
1292,558,4,1944740
1292,560,3.89999999996508,1945434.5
1290,560,3.90000000002328,1945446.5
1293,565,4,1945416
1291,579,3.89999999996508,1945674.5
1288,582,3.90000000002328,1945724
1288,575,3.90000000002328,1945365.25
1289,569,4,1945384
1289,561,3.89999999996508,1945448
1288,568,3.90000000002328,1945386.5
1290,573,3.89999999996508,1945373.25
1290,579,4,1945673.25
1291,572,3.90000000002328,1945375.75
1294,575,3.90000000002328,1945345.25
1293,573,4,1945352
1295,569,3.89999999996508,1945404
1295,567,7.90000000002328,1945408
1296,562,3.89999999996508,1945102.5
1298,566,3.90000000002328,1945112
1298,566,7.90000000002328,1945112
1299,565,3.89999999996508,1945116
1298,575,4,1945339.75
1298,571,8,1945313.25
1296,573,4,1945329.25
1296,577,4,1946537.25
1296,572,8.10000000003492,1945328
1293,573,4,1945352
1294,574,4,1945346.5
1293,577,8,1945682.5
1292,576,4,1945680
1293,581,4,1945698.5
1291,582,4,1945715.75
1291,580,4,1945717.25
1291,582,4,1945715.75
1292,585,4,1945745.25
1292,584,4,1945744
1289,585,4,1945730.5
1290,588,4,1945782.5
1289,589,4,1945784
1287,592,4,1945877.25
1286,592,4,1945876
1285,592,4,1945875.75
1283,595,4,1945866.5
1282,595,4,1945865.25
1281,594,4,1945863.75
1281,589,4,1945842.5
1279,595,4.09999999997672,1986298.5
1280,596,4,1945914.5
1280,594,4,1945860
1281,595,4,1945862.5
1283,595,8,1945866.5
1285,594,4,1945885.25
1283,597,4,1945908
1290,573,8,1945373.25
1289,602,4,1945997.25
1289,596,4,1946075.75
1287,601,8,1945982.5
1288,605,4,1946003.75
1286,600,4,1945980
1286,605,8,1945965.25
1287,604,4,1945967.75
1290,577,4,1945677.25
1288,599,8,1946069.25
1287,599,4,1945898.5
1287,589,4.09999999997672,1945806.5
1288,587,8,1945733.25
1289,590,4,1945789.25
1292,572,4,1945354.5
1290,597,4,1946077.25
1293,578,4,1945693.25
1293,587,4,1945756
1294,581,4,1945703.75
1294,584,8,1945748
1291,596,4,1946079.75
1290,595,4,1946083.75
1292,588,4,1945760
1292,593,4,1946099.75
1294,589,4,1945767.75
1287,600,4,1945983.75
1291,597,4,1946078.5
1287,601,4,1945982.5
1286,596,3.90000000002328,1945892
1284,600,4,1945978.5
1283,600,4,1945925.25
1287,581,4,1945644
1285,601,4,1945976
1284,594,4,1945886.5
1282,599,8,1945905.25
1283,584,4,1945829.25
1286,586,4,1945810.5
1285,597,4,1945890.5
1285,594,4,1945885.25
1289,579,4,1945670.5
1290,586,4,1945736
1289,575,7.90000000002328,1945364
1289,582,4,1945725.25
1291,573,4,1945374.5
1292,570,8,1945396
1295,574,4,1945347.75
1295,574,4,1945347.75
1293,589,8,1945762.5
1291,589,4,1945780
1295,573,4,1945348
1293,571,7.89999999996508,1945398.5
1296,568,4,1945322.5
1299,561,4,1945094.5
1301,564,4,1945121.25
1303,557,4,1945038.5
1303,557,4,1945038.5
1297,568,4,1945321.25
1298,575,4,1945339.75
1301,565,4,1945122.5
1302,555,4,1945041.25
1303,553,4,1945044
1304,554,4,1944964
1301,551,4,1944870.5
1300,554,3.90000000002328,1945052
1300,557,4,1945033.25
1299,560,4,1945093.25
1299,556,4,1945077.25
1301,553,4,1945048
1301,552,3.89999999996508,1945049.25
1300,549,4,1944867.75
1301,551,3.90000000002328,1944870.5
1300,551,3.90000000002328,1944869.25
1300,549,7.89999999996508,1944867.75
1300,549,3.90000000002328,1944867.75
1301,550,3.89999999996508,1944871.75
1301,548,7.90000000002328,1944865.25
1300,546,3.90000000002328,1944886.5
1299,548,3.89999999996508,1944863.75
1298,559,7.90000000002328,1945083.75
1300,551,3.89999999996508,1944869.25
1300,555,4,1945055.75
1300,553,7.80000000004657,1945051.75
1298,567,3.89999999996508,1945113.25
1297,573,4,1945330.5
1296,569,7.79999999998836,1945323.75
1294,567,3.90000000002328,1945411.75
1295,564,4,1945423.75
1297,570,3.90000000002328,1945325.25
1297,570,3.89999999996508,1945325.25
1299,563,4,1945098.5
1298,570,3.90000000002328,1945314.5
1298,559,3.89999999996508,1945083.75
1297,561,3.90000000002328,1945090.5
1298,556,4,1945076
1300,555,3.90000000002328,1945055.75
1301,547,3.89999999996508,1944884
1301,546,4,1944887.75
1302,549,3.90000000002328,1944877.25
1301,547,3.89999999996508,1944884
1300,546,3.90000000002328,1944886.5
1301,549,4,1944866.5
1300,553,3.90000000002328,1945051.75
1299,554,3.89999999996508,1945059.75
1299,547,4,1944842.5
1299,548,3.90000000002328,1944863.75
1299,544,3.89999999996508,1944837.25
1299,544,7.90000000002328,1944837.25
1297,562,3.90000000002328,1945101.25
1296,545,4,1944833.25
1295,547,7.79999999998836,1944826.5
1298,560,4,1945092
1298,556,3.89999999996508,1945076
1298,550,7.80000000004657,1944856
1300,553,4,1945051.75
1300,553,3.89999999996508,1945051.75
1301,553,7.90000000002328,1945048
1301,547,3.89999999996508,1944884
1301,553,3.90000000002328,1945048
1303,550,8.09999999997672,1944875.75
1305,555,4,1944966.5
1306,555,4,1944969.25
1305,557,8,1945016
1308,551,4,1944943.75
635,539,64.1000000000349,540298.5
637,501,4,868424
627,516,4,540575.75
628,505,4,868561.25
628,514,4,540596
624,536,8,540224
622,524,4,539812
620,504,4,868634.5
618,527,8.09999999997672,539825.25
616,514,4,539716
615,509,4,868676
615,509,8,868676
613,525,4,539848
612,507,4,868725.25
610,544,8,537254.5
606,551,4,538561.25
609,538,4,539981.25
606,548,8,538566.5
605,509,16.1000000000349,872098.5
607,491,4,871834.5
606,505,4,872087.75
608,491,4,868965.25
607,501,4,872038.5
609,498,4,868775.75
608,496,4,868778.5
609,493,4,868952
607,496,4,872021.25
608,496,4,868778.5
609,499,4,868772
608,500,4,868762.5
609,500,4,868763.75
609,503,4,868756
609,504,4,868715.75
608,507,4,868709.25
608,510,4,868694.5
610,510,4,868690.5
611,509,4,868702.5
612,512,4,539706.5
611,513,4,539654.5
610,522,4,539874.5
611,514,8,539657.25
612,518,4,539684
611,518,4,539675.75
612,515,8,539701.25
612,523,4,539871.75
613,511,4,868686.5
614,507,8,868729.25
614,503,4,868737.25
614,504,4,868734.5
615,508,8,868677.25
616,503,4,868821.25
615,501,4,868740
615,500,8,868741.25
614,518,4,539688
613,508,4,868681.25
611,496,8,868783.75
612,495,4,868943.75
613,498,4,868791.75
616,513,8,539715.75
613,507,4,868726.5
613,504,4.09999999997672,868721.25
611,506,4,868705.25
612,505,4,868723.75
611,507,4,868704
614,502,4,868738.5
616,500,8,868816
620,501,4,868835.75
621,503,4,868838.5
620,501,4,868835.75
620,498,4,868854.5
623,497,4,868862.5
624,498,4,868524
625,500,8,868531.75
625,505,4,868546.5
626,508,4,868598.5
628,537,8,540281.25
628,528,4,540176
628,522,4,540532
629,528,7.79999999998836,540179.75
629,551,4,536964
631,553,3.90000000002328,537046.5
632,535,3.89999999996508,540373.25
632,560,4,536768
631,559,3.90000000002328,537066.5
633,542,3.90000000002328,540311.75
633,545,7.89999999996508,536936
633,541,3.90000000002328,540306.5
631,537,4,540286.5
631,536,7.79999999998836,540287.75
632,530,4,540390.5
631,528,3.90000000002328,540181.25
630,526,3.89999999996508,540482.5
630,539,4,540275.75
630,524,3.90000000002328,540486.5
631,530,3.89999999996508,540185.25
631,517,4,540548
632,533,3.90000000002328,540377.25
633,516,3.90000000002328,540625.25
637,509,4,868360
637,501,3.89999999996508,868424
636,498,3.90000000002328,868444
638,500,4,868428
637,507,3.89999999996508,868406.5
636,507,3.90000000002328,868405.25
635,509,4,868382.5
635,506,3.90000000002328,868385.25
634,509,3.89999999996508,868381.25
632,512,4,540608
631,515,3.90000000002328,540602.5
630,512,3.89999999996508,540606.5
630,529,7.90000000002328,540183.75
630,530,3.90000000002328,540184
628,530,3.89999999996508,540190.5
629,533,7.90000000002328,540194.5
630,528,3.89999999996508,540180
629,525,4,540488
632,526,7.80000000004657,540478.5
633,531,4,540388
636,534,3.89999999996508,540364
635,536,7.79999999998836,540293.25
636,537,4,540345.25
637,542,3.90000000002328,540327.75
639,533,7.90000000002328,540356
639,536,3.89999999996508,540351.75
640,528,3.90000000002328,541610.5
642,534,4,541624
644,538,3.89999999996508,541662.5
641,529,3.90000000002328,541608
642,531,4,541601.25
640,537,4,541635.75
638,533,4,540359.75
640,529,4,541611.75
637,527,4,540420
635,524,4,540469.25
635,524,4,540469.25
633,524,4,540467.75
632,525,4,540465.25
631,522,4,540539.75
631,525,4,540484
633,533,4,540376
635,525,4,540470.5
637,530,4,540407.75
639,530,4,540411.75
640,528,4,541610.5
643,526,4,540763.75
644,545,4,541753.25
646,545,3.90000000002328,541757.25
647,532,4,541583.75
648,534,8,541566.5
649,547,4,541766.5
647,550,4,541739.75
647,555,8,541904
646,528,4,541590.5
646,526,4,540776
645,543,8,541676
643,538,4,541643.75
641,564,4,542009.25
641,543,8,541694.5
640,538,4,541636
637,547,4,536926.5
638,536,8,540348
636,538,4,540342.5
638,539,4,540339.75
637,542,4,540327.75
634,543,4,540313.25
636,557,4,536843.75
638,537,4,540349.25
640,535,4,541631.75
641,554,4,541933.25
641,551,3.89999999996508,541718.5
642,557,4,541943.75
642,537,4,541645.25
643,552,4,541925.25
639,540,4,540335.75
643,555,4,541920
642,556,4,541940
642,554,4,541922.5
643,563,4,541962.5
640,544,4,541696
644,535,4,541573.25
642,555,4,541921.25
646,530,4,541586.5
643,565,8,542004
646,536,4,541652
648,569,4,542081.25
646,560,8,541972
646,527,16,540777.25
647,530,4,541587.75
644,527,4.10000000003492,540773.25
644,546,8,541750.5
641,525,4,540754.5
644,524,4,540768
641,543,8,541694.5
643,544,4,541701.25
641,537,4,541634.5
640,535,8,541631.75
640,543,4,541695.75
641,546,4,541709.25
640,555,8,541935.75
642,550,4,541720
642,554,4,541922.5
644,554,8,541916
643,557,4,541942.5
645,555,4,541918.5
644,555,4,541919.75
646,558,4,541890.5
648,556,4,541882.5
649,557,4,541880
651,557,8,541876
652,556,4,541856
637,153,60,949298.5
636,150,4,949318.5
633,151,4,949372
632,146,4,949356
630,148,4,949388
633,141,4,950162.5
634,140,3.89999999996508,950174.5
632,141,7.90000000002328,950163.75
632,140,3.89999999996508,950160
632,139,3.90000000002328,950159.75
629,142,7.90000000002328,950119.75
630,145,3.89999999996508,949399.75
629,144,4,949401.25
633,145,3.90000000002328,949352
629,147,3.89999999996508,949406.5
630,144,4,949398.5
629,148,3.90000000002328,949387.75
631,150,3.90000000002328,949377.25
629,150,4,949383.75
632,143,3.89999999996508,950165.25
626,144,3.90000000002328,949414.5
627,137,4,950086.5
624,133,3.89999999996508,950075.75
626,128,3.90000000002328,950030.5
626,128,4,950030.5
627,127,3.90000000002328,950512
627,128,3.89999999996508,950031.75
627,130,4,950027.75
625,128,3.90000000002328,950017.25
626,125,3.89999999996508,950519.75
625,127,4,950526.5
626,124,3.90000000002328,950518.5
624,124,7.90000000002328,950522.5
628,111,3.89999999996508,951141.25
628,114,3.90000000002328,950428
628,110,7.89999999996508,951140
626,97,3.90000000002328,951053.25
626,96,4,951054.5
1417,225,74.7000000000116,1261160
1416,232,3.89999999996508,1261098.5
1414,235,4,1261275.75
1417,236,4,1261083.75
1415,236,4,1261285.25
1416,236,4,1261082.5
1412,240,4,1261370.5
1418,235,4,1261091.75
1414,241,4,1261373.25
1413,244,4,1261345.25
1413,248,4,1261529.25
1410,251,3.90000000002328,1261537.25
1408,248,4,1261546.5
1408,247,8,1261333.25
1406,248,4,1261630.5
1406,248,4,1261630.5
1405,250,8,1261623.75
1403,248,4,1261615.75
1402,249,4,1261613.25
1402,249,8,1261613.25
1399,247,4,1261696
1399,248,4,1261781.25
1397,250,8,1261789.25
1397,250,3.90000000002328,1261789.25
1393,250,4,1261767.75
1391,251,8,1261840
1390,249,4,1261847.75
1388,249,4,1261851.75
1388,245,8,1262051.75
1388,249,4,1261851.75
1387,249,4,1261860
1388,249,4,1261851.75
1326,377,39.8999999999651,1192215.75
1321,391,4,1197268
1321,389,4,1197272
1317,399,4,1197158.5
1315,402,4,1197987.75
1314,410,4,1198024
1312,412,4,1198074.5
1311,414,4,1196715.75
1308,419,4,1199455.75
1308,421,8,1199433.25
1306,425,4,1199405.25
1305,425,4,1199400
1303,426,8,1199577.25
1301,428,4,1199587.75
1300,434,4,1199284
1299,436,8,1199263.75
1298,437,4,1199261.25
1298,438,4,1199250.5
1299,436,8,1199263.75
1299,435,4,1199264
1299,435,4,1199264
1298,440,8,1199212
1298,444,4,1199196
1297,452,3.90000000002328,1200401.25
1302,448,8,1200444
1302,443,4,1199225.25
1303,445,4,1199172
1305,438,4,1199319.75
1307,442,4,1199139.75
1306,448,4,1200462.5
1307,450,4,1200459.75
1306,456,4,1200526.5
1307,452,4,1200501.25
1306,462,4,1200562.5
1308,457,4,1200529.25
1306,457,4,1200525.25
1304,459,4,1200517.25
1304,460,4,1200570.5
1303,459,4,1200592
1303,452,4,1200431.75
1304,453,4,1200507.75
1307,452,4,1200501.25
1309,450,4,1200477.25
1308,444,4,1199114.5
1310,444,4,1199116
1311,445,4,1199118.5
1312,452,8,1203866.5
1311,457,4,1200534.5
1310,456,4,1200532
1312,460,8,1203802.5
1310,462,4,1200552
1308,468,4,1200736
1304,467,8,1200709.25
1301,470,4,1200679.75
1302,475,4,1200849.25
1298,474,8,1200866.5
1295,475,4,1200954.5
1295,476,4,1200901.25
1294,474,8,1200952
1294,477,4,1200903.75
1292,476,4,1200906.5
1292,474,8,1200948
1294,476,4,1200902.5
1295,474,4,1200955.75
1296,474,8,1200876
1298,471,4,1200665.25
1298,470,4,1200664
1303,470,8,1200683.75
1302,466,4,1200690.5
1303,462,4,1200577.25
1302,459,8,1200593.25
1304,453,4,1200507.75
1304,451,4,1200453.25
1304,452,4,1200506.5
1305,452,4,1200505.25
1306,449,4,1200461.25
1305,446,8,1199165.25
1305,445,4,1199154.5
1304,441,4,1199147.75
1305,441,4,1199144
1303,446,8,1199171.75
1305,451,4,1200454.5
1305,456,4,1200513.25
1304,456,8,1200512
1302,449,4,1200445.25
1302,451,4,1200435.75
1302,449,8,1200445.25
1303,447,4,1199168
1306,447,4.09999999997672,1199163.75
1306,448,8,1200462.5
1306,448,4,1200462.5
1309,442,4,1199133.25
1310,442,4,1199122.5
1309,441,4,1199128
1311,443,4,1199120
1311,446,4,1199105.25
1311,443,4,1199120
1313,444,4,1199097.25
1313,442,4,1199047.75
1315,425,4,1198150.5
1315,442,4,1199051.75
1314,449,4,1203885.25
1313,451,4,1203876
1313,449,4,1203880
1314,454,4,1203858.5
1315,451,4,1203872
1315,454,4,1203857.25
1314,455,4,1203859.75
1314,454,4,1203858.5
1314,450,4,1203874.5
1313,448,4,1203883.75
1315,450,3.90000000002328,1203873.25
1315,450,4,1203873.25
1315,452,3.89999999996508,1203871.75
1317,447,3.90000000002328,1199084
1318,443,7.90000000002328,1199067.75
1319,445,3.89999999996508,1199078.5
1321,449,4,1203906.5
1319,441,7.79999999998836,1199062.5
1320,443,4,1198885.25
1320,447,3.90000000002328,1198869.25
1319,452,7.90000000002328,1203845.25
1319,451,3.89999999996508,1203898.5
1317,450,3.90000000002328,1203895.75
1316,447,7.89999999996508,1199087.75
1317,449,4,1203890.5
1314,451,3.90000000002328,1203875.75
1313,446,7.90000000002328,1199101.25
1311,448,3.89999999996508,1200469.25
1310,450,3.90000000002328,1200472
1311,449,4,1200470.5
1312,444,3.89999999996508,1199098.5
1312,439,3.90000000002328,1199039.75
1315,434,4,1199011.75
1312,418,3.90000000002328,1198084
1314,440,3.89999999996508,1199054.5
1312,453,4,1203865.25
1314,461,3.90000000002328,1203805.25
1312,470,3.89999999996508,1203606.5
1314,475,4,1203555.75
1314,488,3.90000000002328,1202406.5
1311,475,3.90000000002328,1200794.5
1316,481,4,1202233.25
1314,484,3.89999999996508,1202206.5
1314,496,3.90000000002328,1202446.5
1316,496,4,1202448
1317,500,3.89999999996508,1202467.75
1317,499,3.90000000002328,1202460
1316,501,4,1202465.25
1321,504,3.90000000002328,1202563.75
1323,500,3.89999999996508,1202655.75
1324,505,4,1202617.25
1323,508,3.90000000002328,1202591.75
1322,506,7.79999999998836,1202568
1321,508,4,1202577.25
1323,502,3.90000000002328,1202641.25
1321,503,7.89999999996508,1202644
1321,498,3.90000000002328,1202663.75
1321,493,3.89999999996508,1202360
1321,493,7.90000000002328,1202360
1323,484,3.90000000002328,1202293.25
1322,487,4,1202289.25
1322,485,8,1202295.75
1324,481,4,1202257.25
1325,482,4,1202269.25
1326,482,8,1202264
1326,482,4,1202264
1327,478,4,1203457.25
1330,479,4,1203441.25
1331,480,4,1203119.75
1330,480,4,1203116
1331,482,4,1203105.25
1329,484,4,1203099.75
1329,483,4,1203108
1330,484,4,1203100
1329,486,4,1203095.75
1326,487,4,1202283.75
1326,491,4,1202331.75
1326,495,4,1202347.75
1321,499,4,1202660
1317,501,4,1202466.5
1320,500,3.89999999996508,1202650.5
1318,503,4,1202475.75
1319,501,4,1202470.5
1317,504,4,1202555.75
1315,506,4,1202505.25
1316,506,4,1202550.5
1315,506,8,1202505.25
1314,510,4,1202520
1313,508,4,1202513.25
1314,504,8,1202500
1316,502,4,1202478.5
1314,504,4,1202500
1315,503,8,1202480
1314,503,4,1202481.25
1314,504,4,1202500
1313,503,8,1202494.5
1314,501,4,1202487.75
1315,500,4,1202485.25
1317,498,8,1202461.25
1319,499,4,1202458.5
1320,492,4,1202362.5
1318,498,8,1202456
1318,495,4,1202371.75
1319,495,4,1202368
1317,498,4,1202461.25
1317,495,3.90000000002328,1202372
1318,489,4,1202391.75
1320,487,4,1202303.75
1319,482,4,1202225.25
1319,479,4,1203520
1320,481,4,1202243.75
1319,482,4,1202225.25
1320,482,4,1202244
1321,482,4,1202247.75
1323,479,4,1203514.5
1324,478,4,1203462.5
1327,478,4,1203457.25
1329,483,4,1203108
1328,454,258.899999999965,1204028
1330,457,7.90000000002328,1204039.75
1320,446,3.90000000002328,1198870.5
1323,458,3.89999999996508,1203747.75
1321,460,4,1203763.75
1319,457,3.90000000002328,1203836
1319,455,3.89999999996508,1203840
1317,452,3.90000000002328,1203849.25
1319,454,4,1203843.75
1319,454,3.90000000002328,1203843.75
1321,456,3.89999999996508,1203753.25
1321,461,4,1203762.5
1324,465,3.90000000002328,1203705.25
1324,469,3.89999999996508,1203683.75
1324,476,3.90000000002328,1203466.5
1325,473,4,1203480
1326,474,3.90000000002328,1203474.5
1329,477,3.89999999996508,1203448
1329,480,4,1203115.75
1331,475,3.90000000002328,1203402.5
1332,478,3.89999999996508,1203438.5
1330,476,3.90000000002328,1203446.5
1330,472,4,1203406.5
1331,466,3.90000000002328,1203363.75
1333,463,3.89999999996508,1204070.5
1334,466,4,1203346.5
1335,464,3.90000000002328,1203349.25
1333,465,7.89999999996508,1203352
1329,460,3.90000000002328,1204049.25
1333,455,3.90000000002328,1204012
1331,458,7.89999999996508,1204041.25
1332,456,3.90000000002328,1204090.5
1331,457,3.89999999996508,1204038.5
1331,464,7.90000000002328,1203365.25
1328,467,3.90000000002328,1203375.75
1329,467,3.89999999996508,1203374.5
1329,477,7.90000000002328,1203448
1326,481,4,1202263.75
1328,480,4,1203114.5
1325,489,8,1202322.5
1324,494,4,1202350.5
1323,497,4,1202670.5
1321,499,4,1202660
1320,501,4,1202649.25
1319,503,4,1202474.5
1317,504,4,1202555.75
1318,506,4,1202546.5
1317,508,4,1202529.25
1318,505,4,1202557.25
1313,510,4,1202519.75
1312,510,4,1202516
1309,510,4,1201831.75
1306,509,4,1201821.25
1305,509,4,1201810.5
1307,512,4,1943909.25
1305,512,4,1943913.25
1304,511,4,1201813.25
1303,509,4,1201772
1304,513,4,1943915.75
1305,510,4,1201815.75
1308,509,4,1201827.75
1309,495,8,1201924
1310,499,4,1201913.25
1315,492,4,1202421.25
1319,496,8,1202453.25
1322,477,4,1203511.75
1325,490,4,1202333.25
1329,482,8,1203111.75
1332,478,4,1203438.5
1332,476,4,1203424
1334,490,8,1203064
1335,482,4,1203131.75
1336,476,4,1203226.5
1335,480,8,1203135.75
1332,490,4,1203060
1328,491,4,1203045.25
1326,497,4,1202685.25
1324,497,4,1202675.75
1324,503,4,1202639.75
1318,509,4,1202541.25
1315,511,4,1202522.5
1310,511,4,1201833.25
1309,517,4,1943880
1307,521,4,1943854.5
1306,523,4,1943843.75
1306,524,4,1943836
1306,522,4,1943842.5
1307,522,4,1943841.25
1305,522,4,1943847.75
1305,525,4,1943832
1306,524,4,1943836
1304,525,4,1943833.25
1308,525,4,1943819.75
1308,526,4,1943820
1310,528,4,1943804
1311,527,4,1943808
1313,524,4,1943289.25
1309,539,4,1943582.5
1314,532,4,1943326.5
1314,533,8,1943325.25
1318,529,4,1943357.25
1319,531,4,1943344
1317,526,8,1943277.25
1317,528,4,1943355.75
1321,524,4,1943067.75
