x,y,t,h
981,352,76,804627.75
980,342,4,804998.5
978,332,4,805726.5
979,324,8,805685.25
979,325,4,805684
979,333,4,805724
978,337,8,805031.75
978,340,4,805044
978,340,4,805044
979,330,8,805705.25
982,327,4,805675.75
982,323,4,805659.75
982,321,4,805655.75
984,320,4,805866.5
985,320,4,805867.75
985,320,4,805867.75
985,318,4,810685.25
984,316,4,810682.5
984,316,4,810682.5
983,318,4,810689.25
981,320,4,805651.75
981,321,4,805650.5
981,322,3.89999999999418,805661.25
980,321,4,805649.25
979,321,4,805644
978,324,4,805686.5
977,327,4,805694.5
976,328,4,805696
978,330,4,805704
978,328,4,805700
979,326,4,805683.75
979,322,8,805643.75
980,319,4,810693.25
980,315,4,810719.75
980,316,8,810698.5
980,319,4,810693.25
980,318,4,810694.5
981,320,8,805651.75
980,321,4,805649.25
980,320,4,805648
980,314,8,810716
979,314,4,810723.75
979,316,4,810741.25
979,324,8,805685.25
979,328,4,805701.25
978,331,4,805707.75
978,333,8,805725.25
976,333,4,805715.75
975,332,4,805391.75
975,332,8,805391.75
975,333,4,805390.5
975,335,4,805376
976,337,8,805035.75
976,338,4,805036
977,337,4,805032
977,335,4,805718.5
978,333,4,805725.25
978,330,4,805704
980,327,4,805679.75
981,325,8.10000000000582,805666.5
982,323,4,805659.75
981,320,4,805651.75
980,320,4,805648
979,320,4,805647.75
977,322,4,805639.75
976,324,4,805690.5
975,328,8,805397.25
974,328,4,805398.5
974,331,4,805393.25
973,335,8,805380
973,337,4,805368
973,339,4,805364
975,343,8,805354.5
875,376,32.1000000000058,820111.75
874,376,4,820110.5
869,383,3.89999999999418,820164
871,387,3.89999999999418,840730.5
871,391,4,840746.5
869,392,3.90000000002328,840827.75
868,396,4,840800
866,396,3.89999999999418,840798.5
864,398,3.89999999999418,840788
864,401,4,841643.75
863,402,3.89999999999418,840443.75
862,404,3.89999999999418,840390.5
861,405,4,840392
860,404,3.90000000002328,840394.5
860,402,4,840436
859,401,3.89999999999418,840430.5
858,399,3.89999999999418,840507.75
858,396,4,840500
858,395,3.89999999999418,840481.25
857,393,3.89999999999418,840488
858,392,4,840486.5
859,392,3.90000000002328,840485.25
859,390,7.89999999999418,840667.75
862,386,3.89999999999418,840690.5
862,385,4,840701.25
863,384,7.89999999999418,840703.75
861,385,3.89999999999418,840696
861,386,3.90000000002328,840695.75
860,392,7.89999999999418,840474.5
858,393,3.89999999999418,840487.75
858,393,4,840487.75
857,392,7.89999999999418,840489.25
861,389,3.89999999999418,840674.5
860,391,3.90000000002328,840677.25
860,393,7.89999999999418,840475.75
862,396,3.89999999999418,840460
863,400,4,840447.75
863,404,7.89999999999418,840389.25
865,403,3.89999999999418,841646.5
865,403,3.90000000002328,841646.5
867,401,4,841636
868,401,3.89999999999418,841627.75
869,402,3.89999999999418,841629.25
868,403,4,841631.75
869,404,3.89999999999418,841611.75
868,407,4,841605.25
866,411,3.89999999999418,841673.25
865,414,3.90000000002328,841725.25
863,415,4,840362.5
862,414,3.89999999999418,840360
862,412,3.89999999999418,840366.5
862,414,4,840360
860,414,4,840356
859,415,4,840346.5
859,416,3.89999999999418,843109.25
858,418,4,843106.5
857,419,4,843118.5
857,418,4,843117.25
857,417,4,843112
854,414,8,840296
848,412,4,840272
845,413,4,840098.5
843,416,8,843365.25
842,419,3.89999999999418,843361.25
841,419,4,843374.5
836,423,8,843397.25
834,429,4,843511.75
832,432,4,843520
831,435,8,838394.5
830,440,4,838332
830,443,4,838323.75
831,445,7.90000000002328,838316
832,446,4,843774.5
832,444,4,843760
831,445,8,838316
831,443,4,838320
832,440,4,843754.5
830,439,4,838337.25
830,439,4,838337.25
829,442,4,838327.75
827,444,3.89999999999418,838303.75
826,444,4,838302.5
826,444,4,838302.5
825,445,4,838290.5
824,446,4,838292
824,447,4,838293.25
824,451,4,849263.75
824,453,4,849265.25
825,456,4,849195.75
824,457,4,849193.25
823,457,3.89999999999418,849366.5
822,457,4,849367.75
821,458,4,849373.25
821,458,4,849373.25
820,456,4,849360
820,455,4,849285.25
820,453,8,849289.25
821,453,4,849288
822,451,4,849297.25
821,450,7.89999999999418,849309.25
822,450,4,849298.5
824,448,4,849258.5
825,448,8,849257.25
826,447,4,838297.25
827,446,4,838299.75
828,447,8,838309.25
829,447,4,838310.5
830,448,4,849238.5
829,448,8,849241.25
829,448,4,849241.25
828,447,4,838309.25
828,446,4,838308
827,445,4,838300
825,446,4,838295.75
825,448,4,849257.25
826,450,4,849250.5
824,451,4,849263.75
823,453,4,849294.5
822,455,4,849283.75
821,456,4,849363.75
820,459,4,849375.75
820,460,4,849376
820,462,4,849390.5
820,463,4,849391.75
821,463,4,849388
820,462,4,849390.5
820,462,4,849390.5
821,461,4,849378.5
823,462,4,849385.25
826,463,4,849171.75
828,462,4,849164
831,462,4,849155.75
833,462,4,844029.25
834,462,4,844024
836,460,8,843978.5
837,459,4,843998.5
838,458,4,843986.5
841,456,8.10000000000582,843905.25
843,456,4,843919.75
842,454,4,843890.5
842,453,8,843895.75
841,452,4,843897.25
841,451,4,843846.5
841,450,8,843847.75
841,450,4,843847.75
840,451,4,843845.25
840,450,8,843844
840,451,4,843845.25
839,452,4,843823.75
837,451,4,843828
838,451,4,843827.75
838,451,4,843827.75
838,451,3.89999999999418,843827.75
838,451,3.89999999999418,843827.75
838,451,4,843827.75
838,450,3.90000000002328,843826.5
839,450,3.89999999999418,843825.25
838,451,4,843827.75
838,452,3.89999999999418,843822.5
838,452,3.89999999999418,843822.5
838,454,4,843816
837,456,3.89999999999418,843993.25
836,457,3.90000000002328,843995.75
835,459,4,844000
1113,655,43.1999999999825,2020156
1114,655,3.89999999999418,2020155.75
1118,656,4,2020094.5
1119,658,7.80000000001746,2020091.75
1122,659,4,2021281.25
1122,660,3.89999999999418,2021300
1123,660,7.89999999999418,2021301.25
1122,662,3.89999999999418,2021304
1126,662,3.90000000002328,2021250.5
1127,662,7.89999999999418,2021249.25
1127,661,3.89999999999418,2021262.5
1127,661,3.89999999999418,2021262.5
1128,662,7.89999999999418,2021246.5
1128,662,3.90000000002328,2021246.5
1128,662,4,2021246.5
1127,661,3.89999999999418,2021262.5
1127,661,3.89999999999418,2021262.5
1127,661,4,2021262.5
1129,661,3.89999999999418,2021234.5
1129,661,3.89999999999418,2021234.5
1130,661,4,2021239.75
1130,661,3.90000000002328,2021239.75
1133,661,3.89999999999418,2021192
1134,660,4,2021196
1135,660,3.89999999999418,2021199.75
1137,659,3.89999999999418,2020876
1139,659,4,2020874.5
1141,659,3.89999999999418,2020916
1142,659,3.90000000002328,2020915.75
1142,659,4,2020915.75
1143,660,4,2020911.75
1144,661,4,2020987.75
1145,661,3.89999999999418,2020984
1145,662,4,2020989.25
1145,664,8,2020993.25
1146,665,4,2021005.25
1145,666,4,2020999.75
1144,667,8,2020997.25
1143,667,4,2021072
1144,668,4,2021050.5
1145,668,8,2021049.25
1145,670,4,2021053.25
1144,670,4,2021052
1143,672,8,2021695.75
1143,675,4,2021680
1143,677,4,2021676
1142,678,8,2021672
1142,678,4,2021672
1141,679,4,2021670.5
1232,739,32,1969423.75
1233,747,4,1969646.5
1235,747,4,1969632
1236,748,4,1969610.5
1239,749,4,1969614.5
1241,750,4,1969597.25
1245,749,4,1969570.5
1246,747,4,1969563.75
1247,744,4,1969557.25
1245,741,4,1969506.5
1246,738,4,1969496
1243,736,4,1969487.75
1242,735,4,1968187.75
1240,732,4,1968176
1239,731,4,1968250.5
1239,731,4,1968250.5
1240,731,8,1968175.75
1242,729,4,1968167.75
1244,727,4,1968357.25
1244,724,8,1968352
1244,720,3.89999999999418,1968378.5
1247,718,4,1968387.75
1249,717,8,1967864
1251,716,4,1967861.25
1252,715,4,1967839.75
1253,714,8,1967837.25
1254,711,4,1967747.75
1253,709,4,1967752
1252,708,8,1967754.5
1252,707,4,1967775.75
1253,708,4,1967755.75
1254,711,4,1967747.75
1253,713,4,1967826.5
1253,716,4,1967843.75
1251,716,4,1967861.25
1250,716,4,1967862.5
1246,716,4,1968390.5
1246,716,4,1968390.5
1245,716,4,1968393.25
1244,715,4,1968437.25
1242,714,4,1968418.5
1241,711,4,1968508
1239,710,4,1968513.25
1505,872,43.8999999999942,1894633.25
1506,875,8,1894625.25
1509,876,4,1894603.75
1511,880,4,1894677.25
1514,880,8,1894892
1516,883,4,1894901.25
1517,884,4,1894857.25
1520,885,8,1894971.75
1521,886,4,1894973.25
1520,887,4,1894975.75
1520,887,8,1894975.75
1519,888,3.89999999999418,1894847.75
1518,890,4,1894834.5
1518,890,8,1894834.5
1519,888,4,1894847.75
1518,887,4,1894849.25
1518,885,4,1894855.75
1520,886,4,1894972
1520,886,4,1894972
1522,887,4,1894961.25
1524,890,4,1895030.5
1526,890,3.90000000002328,1895026.5
1529,889,4,1895042.5
1531,886,3.89999999999418,1895121.25
1533,883,3.89999999999418,1895158.5
1534,880,3.89999999999418,1895166.5
1536,879,4,1818367.75
1537,877,3.89999999999418,1818360
1539,876,3.90000000002328,1818357.25
1541,874,4,1818333.25
1542,872,3.89999999999418,1818324
1544,870,3.89999999999418,1818238.5
1545,872,3.89999999999418,1818155.75
1547,875,4,1818144
1549,877,3.89999999999418,1818120
1636,885,27.5,1803043.75
1633,886,3.90000000002328,1803031.75
1635,888,4,1803237.25
1640,890,7.79999999998836,1803140
1644,891,4,1803167.75
1645,890,3.89999999999418,1803165.25
1645,890,7.80000000001746,1803165.25
1646,891,4,1803163.75
1648,890,3.89999999999418,1802342.5
1649,890,7.89999999999418,1802343.75
1649,891,3.89999999999418,1802340
1649,890,3.89999999999418,1802343.75
1650,894,7.90000000002328,1802322.5
1651,897,3.89999999999418,1824006.5
1649,898,3.89999999999418,1824013.25
1647,898,4,1823995.75
1646,897,3.89999999999418,1823997.25
1646,893,3.89999999999418,1803175.75
1646,890,4,1803160
1647,890,3.90000000002328,1803161.25
1646,889,3.89999999999418,1803159.75
1646,889,4,1803159.75
1646,886,3.89999999999418,1803112
1647,883,3.89999999999418,1803098.5
1648,880,3.89999999999418,1802410.5
1648,878,4,1802748
1650,878,3.90000000002328,1802738.5
1651,880,3.89999999999418,1802415.75
1652,882,4,1802420
1653,885,3.89999999999418,1802376
1653,888,3.89999999999418,1802353.25
1654,890,4,1802360
1656,890,4,1802284
1656,893,4,1802289.25
1657,893,8,1802290.5
1657,892,4,1802291.75
1658,891,4,1802273.25
1658,891,8,1802273.25
1658,890,4,1802274.5
1657,888,4,1802281.25
1656,888,8,1802282.5
1654,887,4,1802369.25
1651,887,4,1802384
1649,884,8,1802395.75
1644,882,4,1803102.5
1647,880,4,1803093.25
1650,878,8,1802738.5
1656,876,4,1802522.5
1665,874,4,1801927.75
1673,872,4,1801771.75
1674,873,4,1801773.25
1677,872,4,1801777.25
1681,872,4,1801665.25
1684,871,4,1801605.25
1687,872,4,1801685.25
1688,873,4,1801513.25
1689,876,4,1801499.75
1690,878,4,1801490.5
1690,880,4,1801412
1690,881,4,1801415.75
1690,883,4,1801419.75
1690,886,4,1801432
1690,889,4,1801255.75
1691,892,4,1801269.25
1693,894,4,1801223.75
1695,894,4,1801217.25
1697,892,4,1801209.25
1700,889,4,1801169.25
1701,889,4,1801170.5
1704,888,4,1801002.5
1706,886,4,1801080
1708,883,4,1801055.75
1711,880,8,1801045.25
1713,876,4,1800691.75
1715,873,4,1800676
1715,871,8,1800474.5
1716,867,4,1800501.25
1718,865,4,1800509.25
1719,863,8,1799872
1722,862,4,1799858.5
1721,860,4,1799865.25
1721,860,8,1799865.25
1720,859,4,1799813.25
1720,860,4,1799866.5
1719,861,8,1799886.5
1717,861,4,1799880
1716,860,4,1799882.5
1715,860,4,1799925.25
1714,861,4,1799927.75
1711,862,4,1799939.75
1709,861,4,1799944
1707,861,4,1799966.5
1707,860,4,1799967.75
1705,860,4,1799963.75
1704,860,4,1799962.5
1704,860,4,1799962.5
1703,861,4,1800166.5
1702,862,4,1800168
1701,864,4,1800211.75
1699,865,4,1800204
1698,867,4,1800201.25
1696,867,4,1800197.25
1695,869,4,1801550.5
1692,870,4,1801542.5
1690,872,4,1801516
1688,872,4,1801514.5
1686,874,8,1801688
1683,874,4,1801675.75
1682,874,4,1801672
1681,875,8,1801670.5
1680,873,4,1801667.75
1680,872,4,1801664
1680,871,8,1801663.75
1680,869,4,1801649.25
1680,868,4,1801648
1681,869,8,1801650.5
1683,868,4,1801653.25
1779,172,68,1356277.25
1780,184,8,1355888
1777,187,4,1355876
1776,179,4,1355941.25
1775,180,8,1356645.25
1774,181,4,1356647.75
1769,182,4,1356669.25
1768,181,4,1356667.75
1766,181,4,1356589.25
1762,184,4,1356774.5
1760,186,8,1356780
1757,188,4,1356809.25
1757,189,4,1356808
1758,189,4,1356807.75
1759,191,8,1356800
1761,192,4,1355435.75
1766,191,4,1356739.75
1774,190,8,1356712
1779,186,4,1355873.25
1777,182,4,1355927.75
1782,178,8,1355960
1785,174,4,1356055.75
1787,170,4,1356065.25
1788,164,8,1356106.5
1788,163,4,1356127.75
1789,161,4,1356120
1789,159,4,1359526.5
1789,156,4,1359521.25
1788,156,4,1359520
1788,156,4,1359520
1788,156,4,1359520
1789,156,4,1359521.25
1791,156,4,1359535.75
1793,156,4,1436659.75
1797,157,4,1436616
1800,156,4,1436602.5
1805,156,4,1436579.75
1808,155,4,1435749.25
1812,154,4,1435764
1811,152,4,1435759.75
1812,152,4,1435760
1813,150,4.10000000000582,1435789.25
1813,149,4,1435784
1812,148,4,1435786.5
1812,146,4,1435828
1812,145,4,1435827.75
1813,145,4,1435826.5
1811,143,4,1436144
1810,143,4,1436145.25
1811,144,8,1435823.75
1814,142,4,1436136
1815,142,4,1436137.25
1815,141,8,1436134.5
1815,141,3.89999999999418,1436134.5
1815,141,4,1436134.5
1814,142,7.80000000001746,1436136
1811,142,4,1436147.75
1807,142,3.89999999999418,1436163.75
1804,142,7.89999999999418,1436172
1802,143,3.89999999999418,1436179.75
1800,142,3.89999999999418,1436182.5
1811,104,19.7000000000116,1382255.75
1816,105,4,1382187.75
1820,104,3.89999999999418,1382170.5
1824,95,3.89999999999418,1383765.25
1830,89,4,1383805.25
1836,84,3.90000000002328,1383904
1837,81,3.89999999999418,1383928
1840,79,4,1384277.25
1841,80,3.89999999999418,1383593.25
1843,79,3.89999999999418,1384282.5
1845,79,4,1384294.5
1846,78,3.89999999999418,1384296
1847,75,3.90000000002328,1384304
1847,72,4,1384319.75
1849,71,3.89999999999418,1384404
1849,70,3.89999999999418,1384407.75
1847,70,4,1384233.25
1847,69,3.89999999999418,1384230.5
1848,70,3.89999999999418,1384406.5
1847,69,7.90000000002328,1384230.5
1848,70,3.89999999999418,1384406.5
1847,72,4,1384319.75
1847,71,7.79999999998836,1384234.5
1847,72,4,1384319.75
1847,72,3.89999999999418,1384319.75
1849,72,7.90000000002328,1384323.75
1850,73,3.89999999999418,1384327.75
1852,70,3.89999999999418,1384396
1855,67,7.89999999999418,1384442.5
1856,66,3.89999999999418,1384452
1856,63,4,1389909.25
1857,63,7.80000000001746,1389908
1858,63,4,1389907.75
1860,63,3.89999999999418,1389903.75
1860,60,7.89999999999418,1389898.5
1861,58,3.89999999999418,1389943.75
1860,58,3.90000000002328,1389940
1859,57,4,1389934.5
1858,58,3.89999999999418,1389922.5
1856,59,4,1389925.25
1855,60,4,1378981.25
1854,61,4,1378983.75
1853,61,4,1378978.5
1852,60,4,1378976
1850,60,4,1378998.5
1294,22,55.8999999999942,1288680
1289,21,4,1288658.5
1279,18,8,1070681.25
1276,18,4,1070686.5
1268,17,4,1070649.25
1270,16,8,1070652
1266,16,4,1070596
1264,16,4,1070592
1262,19,8,1070929.25
1260,19,4,1070943.75
1258,20,4,1070964
1255,20,8,1070991.75
1253,21,4,1070984
1252,20,4,1070986.5
1251,19,7.89999999999418,1071008
1252,19,4,1071007.75
1251,22,4,1071033.25
1249,24,4,1071041.25
1250,24,4,1071054.5
1251,26,4,1071051.75
1250,28,4,1071094.5
1251,31,4,1071088
1251,31,4,1071088
1250,32,4,1071118.5
1251,31,4,1071088
409,121,83.8999999999942,97922.5
402,127,4,98043.75
400,133,4,98579.75
397,133,8,98504
399,136,4,98495.75
397,140,4,98465.25
395,141,8,98460
394,144,4,99174.5
394,145,4,99175.75
394,151,8,99195.75
395,154,4,99105.25
395,152,4,99119.75
398,153,4,99133.25
398,154,4,99128
400,156,4,99056
402,158,4,99064
403,159,4,99066.5
405,161,4,100274.5
407,162,4,100283.75
409,162,4,100301.25
411,160,4,100293.25
412,162,4,100342.5
412,165,4,100323.75
412,168,4,100122.5
414,168,4,100118.5
415,166,4,100331.75
416,167,4,100373.25
416,171,4,100591.75
415,173,4,100110.5
417,174,4,100605.25
417,172,4,100595.75
417,173,4,100594.5
418,172,4,100596
417,175,4,100604
417,176,4,100609.25
417,179,4,100614.5
416,181,8,100667.75
415,183,4,100032
415,183,4,100032
414,184,8,100028
412,183,3.90000000002328,100047.75
412,183,3.89999999999418,100047.75
412,184,7.89999999999418,100026.5
413,187,3.89999999999418,100020
412,188,3.89999999999418,100000
413,183,7.90000000002328,100046.5
413,180,3.89999999999418,100041.25
412,180,4,100042.5
413,182,3.89999999999418,100045.25
412,192,3.89999999999418,112986.5
412,185,4,100025.25
412,198,3.89999999999418,112966.5
410,185,3.90000000002328,99975.75
409,185,4,99970.5
407,180,3.89999999999418,99877.25
408,178,3.89999999999418,100070.5
407,180,4,99877.25
406,183,3.89999999999418,99883.75
406,187,3.89999999999418,99955.75
585,187,39.3000000000175,947596
586,187,4,947595.75
588,179,3.89999999999418,947701.25
590,174,7.89999999999418,947368
592,176,3.89999999999418,947712
594,174,3.90000000002328,948050.5
598,173,7.89999999999418,948039.75
599,172,3.89999999999418,948037.25
599,174,3.89999999999418,948035.75
599,174,7.89999999999418,948035.75
599,176,3.90000000002328,947733.25
600,172,4,948016
601,169,7.79999999998836,948008
602,172,4,948020
602,175,3.89999999999418,948027.75
602,174,7.89999999999418,948024
601,175,3.90000000002328,948028
600,173,3.89999999999418,948017.25
599,171,3.89999999999418,948090.5
599,167,4,948096
599,166,3.89999999999418,948099.75
598,164,3.89999999999418,948102.5
598,168,4,948094.5
597,171,4,948086.5
596,172,4,948042.5
596,172,4,948042.5
595,173,4,948062.5
594,173,4,948061.25
594,172,4,948060
593,174,4,948055.75
594,173,4,948061.25
592,174,4,948054.5
592,168,4,948074.5
592,166,4,948118.5
592,159,4,946943.75
588,155,4,946997.25
580,153,4,947153.25
570,146,8,945890.5
561,140,4,946011.75
556,134,4,945262.5
554,129,8,945229.25
550,122,4,955346.5
545,122,4,955373.25
540,120,8,955440
537,120,4,955435.75
534,125,4,955623.75
532,117,8,955529.25
530,114,4,955554.5
529,107,4,956236
527,97,8,956158.5
525,91,4,956702.5
524,90,4,956700
523,92,4,956725.25
522,91,4,956705.25
522,98,4,956104
523,116,4,955871.75
524,112,4,955898.5
523,87,4.10000000000582,956890.5
522,82,4,956872
522,78,4,956984
522,82,4,956872
522,83,4,956875.75
523,103,4,956122.5
523,87,4,956890.5
522,88,4,956710.5
522,85,4,956893.25
521,84,4,956881.25
520,82,4,956878.5
520,83,4,956879.75
521,84,4,956881.25
522,85,4,956893.25
523,84,4,956895.75
523,83,4,956874.5
523,83,4,956874.5
523,96,4,956101.25
524,91,8,956703.75
524,94,4,956678.5
524,94,4,956678.5
524,91,8,956703.75
524,90,4,956700
524,90,4,956700
524,90,8,956700
523,90,4,956707.75
524,90,4,956700
524,91,8,956703.75
524,89,4,956699.75
524,89,4,956699.75
525,91,8,956702.5
525,94,4,956679.75
526,101,4,956141.25
527,106,4,955923.75
526,107,4,955921.25
527,109,4,955918.5
527,106,4,955923.75
527,103,4,956138.5
527,96,4,956159.75
527,92,4,956687.75
528,91,4,956613.25
528,89,4,956611.75
526,86,4,956904
525,84,4,956897.25
524,82,4,956918.5
524,80,4,956922.5
524,78,4,956934.5
524,79,4,956933.25
523,78,4,956985.25
524,80,4,956922.5
525,83,4,956916
525,88,4,956697.25
527,95,8,956672
530,104,4,956228
532,110,4,956260
534,107,8,956275.75
536,110,4,956308
537,113,4,955496
539,115,7.89999999999418,955488
540,118,4,955462.5
542,122,4,955448
542,124,8,955398.5
544,126,4,955390.5
544,127,4,955391.75
543,126,8,955395.75
371,666,52,490699.75
371,661,4,490678.5
368,660,8,490672
366,660,4,490990.5
364,661,4,490979.75
362,662,4,490968
362,663,4,490969.25
361,667,4,490798.5
360,665,4,490795.75
360,662,4,490964
360,661,4,490963.75
360,662,4,490964
360,662,4,490964
361,668,8,490803.75
361,676,4,489593.25
362,681,4,489613.25
364,686,8,489646.5
365,682,4,489629.25
365,683,4,489628
366,680,4,489620
366,677,4,489575.75
365,678,4,489581.25
366,679,4,489579.75
367,677,8,489574.5
366,677,4,489575.75
366,675,4,489563.75
366,672,8,489556
367,669,4,490766.5
365,667,4,490782.5
365,666,4,490781.25
299,953,39.9000000000233,412462.5
302,949,4,412493.25
297,936,4,411779.75
295,937,3.89999999999418,411774.5
295,939,3.89999999999418,411760
293,944,4,412569.25
294,950,3.89999999999418,412546.5
296,955,3.89999999999418,412453.25
297,955,4,412452
299,954,3.90000000002328,412449.25
301,954,3.89999999999418,412471.75
301,952,4,412465.25
301,951,3.89999999999418,412484
298,951,7.79999999998836,412539.75
298,955,4,412451.75
296,958,3.90000000002328,412438.5
291,960,7.89999999999418,417455.75
291,957,3.89999999999418,412660
289,955,3.89999999999418,412614.5
285,953,7.89999999999418,412696
284,949,3.90000000002328,412899.75
280,947,4,412879.75
278,948,7.79999999998836,412806.5
275,951,3.89999999999418,412816
274,950,4,412818.5
270,950,7.80000000001746,413544
273,950,4,412823.75
275,947,3.89999999999418,412832
276,946,3.89999999999418,412852
276,945,4,412851.75
279,946,3.89999999999418,412859.75
279,948,3.89999999999418,412805.25
279,952,4,412799.75
280,954,3.90000000002328,412716
280,954,3.89999999999418,412716
281,953,4,412712
284,951,3.89999999999418,412901.25
285,950,3.89999999999418,412903.75
285,951,3.89999999999418,412902.5
284,954,4,412700
284,954,3.90000000002328,412700
282,956,3.89999999999418,412724
281,958,4,412733.25
281,957,3.89999999999418,412722.5
282,958,3.89999999999418,412728
282,959,4,412731.75
283,960,3.89999999999418,414031.75
282,963,7.90000000002328,414025.25
282,964,3.89999999999418,414070.5
282,963,3.89999999999418,414025.25
282,963,7.89999999999418,414025.25
281,964,3.89999999999418,414073.25
283,965,4,414068
283,962,8,414027.75
284,961,4,414033.25
285,958,4,412679.75
285,960,8,414035.75
285,962,4,414045.25
285,962,4,414045.25
283,964,8,414069.25
282,965,4,414071.75
282,966,4,414066.5
281,967,8,414078.5
280,968,4,414080
278,969,4,414167.75
277,966,4,413991.75
276,960,4,414010.5
276,960,4,414010.5
276,959,4,412751.75
276,961,4,414009.25
276,959,4,412751.75
275,962,4,413961.25
274,959,4,412755.75
274,951,4,412819.75
274,949,4,412829.25
274,945,4,412845.25
274,946,4,412834.5
273,952,4,412779.75
273,952,4,412779.75
272,954,4,412774.5
272,955,4,412773.25
272,955,4,412773.25
273,955,4,412772
273,955,4,412772
274,954,8,412770.5
275,954,4,412769.25
275,951,4,412816
274,958,8,412754.5
275,958,4,412753.25
275,956,4,412767.75
276,953,8,412787.75
277,948,4,412809.25
277,948,4,412809.25
278,953,8,412797.25
280,955,4,412719.75
281,958,4,412733.25
283,960,8,414031.75
284,963,4,414047.75
287,964,4,414053.25
288,963,8,417445.25
289,965,4,417432
290,965,4,417437.25
291,965,4,417438.5
293,965,4,417416
294,959,4,412651.75
294,958,4,412648
294,955,4,412635.75
294,956,4,412644
294,957,4,412647.75
293,956,4,412643.75
293,954,4,412637.25
294,952,4,412628
295,952,4,412629.25
295,951,4,412544
295,951,4,412544
513,766,48,589821.25
509,760,4,458777.25
513,743,3.90000000002328,589500
515,741,8,589494.5
518,743,4,589443.75
519,744,4,589525.25
523,744,8,589359.75
525,741,4,589384
527,742,4,589377.25
530,742,8,589240
529,740,4,589235.75
532,738,4,589212
532,737,8,589211.75
531,739,4,589216
529,740,4,589235.75
527,736,8,589397.25
526,733,4,586157.25
524,727,4,586191.75
528,721,8,586243.75
637,695,4,577604
666,603,4,555041.25
