x,y,t,h
913,591,3.89999999990687,774652
913,592,4,774659.75
912,593,3.9000000001397,774657.25
912,592,3.89999999990687,774656
912,590,3.9000000001397,774654.5
913,589,4,774642.5
914,591,3.89999999990687,774651.75
912,594,3.89999999990687,774670.5
913,598,4,774679.75
912,599,3.9000000001397,774677.25
913,597,3.89999999990687,774674.5
913,595,3.9000000001397,774668
914,593,4,774663.75
915,591,3.89999999990687,774650.5
915,588,3.89999999990687,774645.25
916,589,3.9000000001397,774601.25
916,585,4,774619.75
916,586,3.89999999990687,774620
917,586,3.9000000001397,774621.25
918,585,3.89999999990687,774615.75
918,586,4,774610.5
920,584,7.80000000004657,774528
921,580,4,774521.25
922,580,3.89999999990687,774518.5
921,583,7.80000000004657,774526.5
920,588,4,774586.5
922,588,3.89999999990687,774582.5
920,583,7.80000000004657,774527.75
772,405,220.199999999953,836489.25
762,412,4,857140
750,409,4,858007.75
759,408,4,857215.75
766,397,4,857351.75
766,393,4,857405.25
763,392,4,857391.75
767,393,3.9000000001397,857404
764,391,4,857413.25
765,390,4,857415.75
763,390,4,857465.25
761,389,4,857458.5
761,389,4,857458.5
762,388,4,857460
762,385,4,857447.75
760,385,4,857451.75
759,386,4,857491.75
758,387,4,857489.25
757,387,4,857502.5
756,387,4,857503.75
755,388,4,857525.25
754,390,4,857528
753,391,8,857532
752,391,4,857535.75
751,391,4,857664
752,394,8,857540
751,395,4,857658.5
608,289,47.8999999999069,899073.25
609,293,4,899090.5
603,293,8,899036
605,287,4,897708
601,283,4,897670.5
597,271,8,897476
597,271,4,897476
595,273,4,897542.5
594,276,4,897566.5
596,278,4,897572
596,275,4,897589.25
596,276,4,897568
596,272,8,897594.5
599,268,4,897487.75
600,267,4,897413.25
601,264,4,897409.25
602,264,4,897422.5
602,263,4,897393.25
603,262,4,897395.75
602,262,4,897394.5
601,262,3.9000000001397,897405.25
601,265,3.89999999990687,897410.5
600,266,4,897412
599,271,7.80000000004657,897472
597,276,4,897569.25
596,281,3.89999999990687,897755.75
595,286,7.9000000001397,897785.25
595,291,3.89999999990687,898976
595,295,3.89999999990687,898960
595,299,4,898912
595,300,3.9000000001397,898911.75
595,304,3.89999999990687,898575.75
595,307,4,898570.5
596,308,7.80000000004657,898592
595,310,4,898611.75
595,310,3.89999999990687,898611.75
595,308,7.9000000001397,898613.25
594,305,3.89999999990687,898573.25
594,301,3.9000000001397,898909.25
593,297,4,898920
591,292,3.89999999990687,898149.25
591,286,3.89999999990687,897795.75
590,282,4,897848
589,273,3.9000000001397,897880
587,266,3.89999999990687,897161.25
587,265,3.9000000001397,897158.5
586,259,4,897251.75
584,256,3.89999999990687,897258.5
584,254,3.89999999990687,937750.5
583,251,4,937946.5
582,249,3.9000000001397,937943.75
582,248,3.89999999990687,937940
580,248,4,937936
581,247,3.9000000001397,937860
582,250,3.89999999990687,937944
583,253,4,937958.5
583,255,3.89999999990687,937962.5
498,201,59,108007.75
496,200,3.9000000001397,108010.5
494,198,4,107714.5
492,192,8,107760
489,189,4,105240
489,191,4,105236
489,190,8,105239.75
491,188,4,105247.75
492,190,4,105228
493,192,4,107761.25
494,195,4,107769.25
495,196,4,107717.25
496,198,4,107796
497,200,4,108009.25
497,203,4,108014.5
497,204,4,108019.75
495,204,4,107695.75
495,204,4,107695.75
493,205,4,107682.5
492,204,4,107680
490,202,4,107656
490,200,4,107652
489,198,4,107735.75
487,196,4,107557.25
486,194,4,107544
484,191,4,105455.75
483,188,4,105461.25
482,185,4,105421.25
481,183,8,105404
480,182,4,105406.5
480,181,4,105393.25
479,181,8,105708
478,180,4,105710.5
478,180,4,105710.5
476,180,8,105696
476,181,4,105699.75
475,182,4,105691.75
473,185,8,105512
472,187,4,105519.75
470,189,4,105543.75
468,190,8,105548
467,191,4,105552
460,124,48,94112
460,120,4,94096
457,119,4,94078.5
454,119,4,93993.25
452,119,4,93989.25
450,119,4,93977.25
448,120,4,94186.5
446,120,4,94270.5
446,123,4,94265.25
446,124,4,94214.5
445,126,4,94221.25
445,127,4,94222.5
445,128,4,102385.25
445,129,8,102386.5
446,130,4,102392
447,131,4,102394.5
448,131,8,102415.75
449,132,4,102417.25
450,131,4,102411.75
450,130,8,102408
452,128,4,102458.5
452,127,4,94149.25
453,126,8,94151.75
450,124,4,94196
449,123,4,94190.5
447,120,8,94271.75
446,119,4,94275.75
445,118,4,94279.75
444,117,4,94281.25
443,116,4,94325.25
444,117,4,94281.25
442,116,4,94324
443,115,4,94304
442,116,4,94324
444,117,4,94281.25
444,116,4,94282.5
1287,141,84.0999999998603,1272388
1286,144,4,1272254.5
1289,147,4,1272268
1289,151,8,1272278.5
1288,153,4,1272107.75
1288,157,4,1272113.25
1287,161,8,1271484
1288,165,4,1271507.75
1290,167,4,1271513.25
1288,170,8,1271340
1287,173,4,1271364
1286,174,4,1271362.5
1285,176,8,1271217.25
1286,178,4,1271224
1287,180,4,1271173.25
1288,182,8,1271252
1288,182,4,1271252
1289,183,4,1271254.5
1290,184,8,1271078.5
1291,186,4,1271075.75
1293,185,4,1271064
1295,186,4,1271059.75
1296,185,4,1270979.75
1298,185,4,1270989.25
1298,184,4,1270990.5
1298,183,8,1270971.75
1297,182,4,1270973.25
1297,181,4,1270962.5
1298,180,8,1270964
1298,179,4,1270945.25
1297,177,4,1270952
1297,177,8,1270952
1297,175,4,1271638.5
1296,172,4,1271632
1296,166,8,1271612
1451,183,44,1253850.5
1451,184,4,1253669.25
1451,186,4,1253667.75
1451,187,4,1253664
1453,191,4,1253636
1454,191,3.9000000001397,1253635.75
1453,191,3.89999999990687,1253636
1452,194,4,1258740
1454,195,3.9000000001397,1258745.25
1454,194,3.89999999990687,1258744
1453,194,4,1258743.75
1453,193,3.89999999990687,1258738.5
1454,193,3.9000000001397,1258749.25
1455,193,4,1258748
1456,193,3.89999999990687,1258753.25
1459,192,3.9000000001397,1258757.25
1459,190,4,1253619.75
1460,190,3.89999999990687,1253614.5
1461,188,4,1253603.75
1462,188,3.89999999990687,1253604
1461,188,3.9000000001397,1253603.75
1461,187,4,1253596
1459,189,3.89999999990687,1253620
1459,191,7.9000000001397,1253616
1459,193,3.89999999990687,1258758.5
1458,192,3.89999999990687,1258756
1457,193,7.9000000001397,1258754.5
1457,193,3.89999999990687,1258754.5
1457,194,4,1258765.25
1458,194,7.9000000001397,1258760
1458,193,3.89999999990687,1258759.75
1460,192,3.89999999990687,1258810.5
1461,190,7.9000000001397,1253613.25
1463,186,3.89999999990687,1253593.25
1464,183,4,1253503.75
1465,182,7.80000000004657,1253501.25
1465,182,4,1253501.25
1465,182,3.89999999990687,1253501.25
1465,182,3.9000000001397,1253501.25
1466,181,4,1253495.75
1466,183,3.89999999990687,1253499.75
1464,185,3.9000000001397,1253417.25
1464,185,4,1253417.25
1461,187,3.89999999990687,1253596
1460,191,4,1253615.75
1458,194,3.89999999990687,1258760
1456,197,3.9000000001397,1258771.75
1456,200,4,1258986.5
1455,201,3.89999999990687,1258686.5
1454,201,3.9000000001397,1258685.25
1456,202,4,1258988
1458,198,3.89999999990687,1258776
1460,197,3.89999999990687,1258787.75
1460,196,4,1258784
1462,192,4,1258812
1463,189,4,1253606.5
1466,188,3.9000000001397,1253404
1466,188,8,1253404
1467,186,4,1253409.25
1468,183,4,1253445.25
1471,185,8,1253436
1477,188,4,1253347.75
1480,196,4,1247952
1478,202,8,1247864
1478,219,4,1247609.25
1481,234,4,1246765.25
1483,241,7.89999999990687,1246662.5
1485,247,4,1246694.5
1487,254,4,1246465.25
1487,255,8,1246464
1492,251,4,1246431.75
1492,255,4,1246447.75
1488,254,8,1246460
848,522,83.8000000000466,766444
852,523,8,766431.75
856,527,3.89999999990687,766399.75
855,530,4,766513.25
851,532,8,766495.75
849,534,4,766487.75
851,534,4,766491.75
854,535,8,766505.25
855,536,4,766677.25
856,535,3.9000000001397,766591.75
856,539,8,766597.25
854,541,4,766669.25
853,540,4,766667.75
852,540,8,766666.5
852,540,4,766666.5
851,541,4,766710.5
850,545,8,767917.25
848,552,4,767850.5
847,553,4,767126.5
847,557,4,767142.5
847,561,4,767484
848,563,4,767493.25
849,566,4,767549.25
849,567,4,767550.5
851,569,4,767558.5
852,569,4,767609.25
853,569,4,767608
853,566,4,767533.25
855,561,4,767510.5
856,560,4,767722.5
857,560,4,767723.75
857,566,4,767703.75
857,564,4,767707.75
857,559,4,767804
857,557,4,767794.5
855,555,4,767866.5
854,553,4,767869.25
853,552,4,767857.25
852,554,8,767860
851,554,4,767841.25
848,553,4,767849.25
847,554,8,767129.25
846,551,4,767083.75
845,549,3.89999999990687,767074.5
843,548,8,767093.25
842,548,4,767094.5
842,548,4,767094.5
841,549,8,767096
841,551,4,767102.5
840,550,4,767100
839,549,8,767020
841,548,4,767097.25
718,540,44,545198.5
713,538,4,545165.25
715,540,4,545183.75
714,541,8,545181.25
710,542,4,545128
707,544,4,548517.25
706,543,8,545113.25
705,543,4,545110.5
704,543,4,545109.25
703,545,4,543742.5
704,545,4,548523.75
702,545,4,543741.25
701,545,8,543736
699,545,4,543686.5
697,544,4,543683.75
696,543,4,543765.25
695,542,8,543977.25
694,542,4,543976
693,542,4,543981.25
692,543,8,543983.75
691,542,4.10000000009313,543987.75
688,544,4,543658.5
686,544,8,542804
686,545,4,542807.75
545,731,64,587718.5
542,726,4,586434.5
540,726,4.0999999998603,586444
541,728,4,586427.75
545,736,4,587777.25
547,734,4,587763.75
550,735,4,587755.75
552,734,4,587542.5
555,730,4,587553.25
556,740,8,587978.5
555,731,4,587552
553,730,4,587559.75
554,738,8,588002.5
553,733,4,587544
551,732,3.9000000001397,587749.25
549,737,7.89999999990687,587794.5
547,738,3.9000000001397,587787.75
545,741,4,587832
542,743,7.79999999981374,589123.75
541,732,4,586401.25
540,728,3.9000000001397,586426.5
538,724,7.89999999990687,586460
537,716,3.9000000001397,586547.75
535,725,3.89999999990687,586278.5
532,729,7.89999999990687,586361.25
532,727,3.9000000001397,586287.75
530,724,4,586294.5
526,723,3.89999999990687,586233.25
523,719,3.9000000001397,585904
520,723,4,586213.25
519,727,3.89999999990687,586026.5
517,729,3.89999999990687,586104
516,731,4,586101.25
514,735,3.9000000001397,586073.25
514,735,3.89999999990687,586073.25
514,737,4,589479.75
512,739,3.9000000001397,589487.75
513,741,3.89999999990687,589490.5
512,742,4,589502.5
513,745,3.89999999990687,589506.5
513,743,3.9000000001397,589500
514,744,4,589518.5
513,742,3.89999999990687,589501.25
513,747,3.9000000001397,589510.5
514,749,4,589559.75
513,747,3.89999999990687,589510.5
514,743,7.89999999990687,589499.75
517,738,3.9000000001397,589469.25
517,734,3.89999999990687,586087.75
519,729,7.9000000001397,586110.5
376,751,47.1999999999534,476053.25
377,751,3.89999999990687,476054.5
380,759,3.9000000001397,475205.25
379,760,7.89999999990687,475183.75
374,762,3.89999999990687,475352
369,761,3.9000000001397,475330.5
369,771,4,398604
366,777,4,398525.25
365,779,4,398516
367,786,4,399187.75
367,782,4,398507.75
365,785,4,399192
364,784,4,399194.5
362,786,4,399202.5
360,786,4,399212
359,789,4,399246.5
360,787,4,399215.75
359,786,4,399251.75
358,783,4,398441.25
357,779,4.0999999998603,398452
356,778,4,398454.5
356,776,4,398458.5
357,775,4,398380
357,774,4,398381.25
357,772,4,398371.75
357,771,8,398364
357,771,4,398364
356,772,4,398368
355,769,8,398348
366,516,48,507630.5
367,518,4,507627.75
367,520,4,507413.25
366,519,4,507625.25
366,520,4,507414.5
366,517,4,507629.25
365,515,4,507636
366,514,4,507634.5
364,513,4,507641.25
363,515,4,507594.5
361,516,4,507601.25
362,516,4,507614.5
362,516,4,507614.5
363,516,4,507615.75
363,516,4,507615.75
363,516,4,507615.75
363,515,4,507594.5
362,514,4,507592
362,515,4,507595.75
361,514,4,507597.25
361,513,4,507586.5
362,513,4,507591.75
362,513,8,507591.75
361,513,4,507586.5
361,514,4,507597.25
361,513,8,507586.5
360,514,4,507598.5
359,515,4,507578.5
360,516,8,507600
359,514,3.9000000001397,507579.75
361,513,4,507586.5
360,514,8,507598.5
361,513,4,507586.5
362,512,4,507588
365,511,8,181164
367,509,4,181158.5
366,509,4,181159.75
367,509,8,181158.5
367,508,4,181157.25
368,509,4,180313.25
368,509,4,180313.25
368,509,4,180313.25
371,509,4,180318.5
370,510,4,180306.5
373,511,8,180302.5
371,512,4,507663.75
370,512,4,507662.5
373,512,4,507667.75
373,512,4,507667.75
376,512,4,507882.5
378,511,4,180283.75
379,511,4,180282.5
381,512,4,507889.25
380,511,4,180229.25
381,511,4,180228
381,512,4,507889.25
382,512,4,507902.5
383,512,4,507903.75
866,541,67.6999999999534,769373.25
875,543,7.80000000004657,769338.5
877,545,4,768082.5
877,548,3.89999999990687,768099.75
879,551,7.9000000001397,768106.5
882,552,3.89999999990687,768876
882,554,3.89999999990687,768866.5
884,554,4,768884
886,555,3.9000000001397,768889.25
886,554,3.89999999990687,768888
886,553,3.9000000001397,768893.25
889,554,4,768813.25
889,555,3.89999999990687,768814.5
888,556,3.89999999990687,768816
891,557,4,768822.5
892,558,3.9000000001397,768774.5
891,560,3.89999999990687,768751.75
892,561,4,768755.75
892,561,3.9000000001397,768755.75
891,562,3.89999999990687,768737.25
891,562,4,768737.25
890,560,3.89999999990687,768748
889,559,3.9000000001397,768828
889,557,4,768818.5
889,555,3.89999999990687,768814.5
888,553,3.9000000001397,768811.75
887,551,7.89999999990687,768896
886,549,3.89999999990687,768903.75
886,547,4,768953.25
886,545,7.80000000004657,768957.25
886,543,4,769259.75
886,542,3.9000000001397,769256
886,542,7.89999999990687,769256
885,542,3.89999999990687,769261.25
885,541,3.9000000001397,769250.5
885,541,7.89999999990687,769250.5
885,542,3.9000000001397,769261.25
885,543,4,769260
886,544,7.79999999981374,768958.5
885,546,4,768951.75
886,549,3.9000000001397,768903.75
887,551,3.89999999990687,768896
888,553,4,768811.75
890,555,3.9000000001397,768801.25
892,557,4,768777.25
893,559,3.89999999990687,768772
893,560,3.89999999990687,768753.25
895,560,4,768767.75
896,561,4,773889.25
898,561,4,773895.75
900,561,4,773945.25
901,559,4,773868
903,559,4,773866.5
904,560,4,773952
905,560,4,773953.25
905,559,4,773652
906,559,4,773651.75
1142,819,60,2044089.25
1143,821,8,2044036
1145,823,4,2044118.5
1148,825,4,2043931.75
1149,826,8,2043933.25
1151,825,4,2043924
1150,827,4,2043921.25
1151,828,8,2043919.75
1151,826,4,2043923.75
1151,826,4,2043923.75
1151,824,4,2043925.25
1150,826,4,2043922.5
1151,825,4,2043924
1151,825,4,2043924
1151,822,4,2044139.75
1152,822,4,2049340
1151,824,4,2043925.25
1154,822,4,2049330.5
1154,825,4,2049351.75
1155,825,4,2049350.5
1156,825,4,2049401.25
1156,827,4,2049397.25
1156,825,4,2049401.25
1156,826,4,2049398.5
1155,826,4,2049353.25
1156,827,4,2049397.25
1156,827,4,2049397.25
1157,827,4,2049396
1157,827,4,2049396
1156,826,8,2049398.5
1156,827,4,2049397.25
1155,827,4,2049354.5
1155,827,7.9000000001397,2049354.5
1156,828,4,2049376
1156,829,4,2049379.75
1157,830,8,2049383.75
1158,831,4,2049385.25
1159,831,4,2049386.5
1161,831,8,2049430.5
1162,832,4,2062950.5
1161,832,4,2062953.25
1162,830,8,2049432
1161,829,4,2049426.5
1159,829,4,2049388
1157,828,8,2049377.25
1156,828,4,2049376
1156,828,4,2049376
1156,829,4,2049379.75
1156,829,4,2049379.75
1155,828,4,2049375.75
1154,828,4,2049374.5
1157,829,4,2049378.5
1158,831,4,2049385.25
1157,831,4,2049382.5
1157,831,4,2049382.5
1158,830,4,2049384
1158,830,4,2049384
1158,830,4,2049384
1155,828,4,2049375.75
1155,828,4,2049375.75
1153,829,4,2049362.5
1154,829,4,2049373.25
1154,829,4,2049373.25
1153,829,4,2049362.5
1153,827,4,2049356
1155,828,4,2049375.75
1157,830,8,2049383.75
1158,831,4,2049385.25
1159,833,4,2062996
1160,834,8,2062956
1159,836,4,2062991.75
1160,835,4,2062959.75
1160,836,8,2062960
1160,837,4,2062961.25
1160,838,4,2062974.5
1159,840,8,2063061.25
1160,841,4,2062889.25
1159,842,4,2063065.25
1158,842,8,2063064
1157,841,4,2063058.5
1158,840,4,2063060
1158,838,8,2062978.5
1159,836,4,2062991.75
1160,815,3.89999999990687,2049215.75
1161,802,8,2049095.75
1161,791,4,2048892
1161,781,4,2048146.5
1162,776,4,2048132
1163,771,4,2048224
1164,766,4,1971462.5
1165,765,4,1971464
1166,764,8,1971468
1167,760,4,1971477.25
1167,759,4,1971690.5
1166,757,4,1971693.25
1165,756,4,1971681.25
1165,756,4,1971681.25
1166,756,4,1971694.5
1165,756,4,1971681.25
1165,757,4,1971682.5
1164,758,4,1971684
1163,759,4,1971674.5
1162,757,8,1971677.25
1161,758,4,1971671.75
1160,758,4,1971668
1160,757,8,1971667.75
1161,757,4,1971666.5
1163,755,4,1971658.5
1163,753,4,1971654.5
1163,751,4,1971770.5
1163,750,4,1971769.25
1163,748,4,1971765.25
1163,746,8,1971747.75
1164,745,4,1971739.75
1165,741,4,1971938.5
1166,737,8,1971965.25
1165,737,4,1971960
1164,736,4,1971962.5
1163,734,4,1972537.25
1163,735,4,1972538.5
1163,736,4,1971909.25
1165,737,4,1971960
1165,739,4,1971956
1166,741,4,1971949.25
1165,742,4,1971943.75
1164,746,4,1971740
1163,749,4,1971766.5
1163,764,4,1971509.25
1164,757,3.9000000001397,1971683.75
1162,758,4,1971672
1161,758,4,1971671.75
1160,757,3.89999999990687,1971667.75
1160,759,3.89999999990687,1971669.25
1159,761,4,1971580
1158,759,3.9000000001397,1971585.25
1158,754,3.89999999990687,1971640
1158,747,4,1971833.25
1158,738,7.80000000004657,1971896
1158,732,4,1972550.5
1159,728,3.89999999990687,1972607.75
1160,723,7.80000000004657,1972687.75
1159,720,4,1972671.75
1158,715,3.9000000001397,1972857.25
1157,716,7.89999999990687,1972809.25
1156,712,3.89999999990687,1972848
1156,709,3.9000000001397,1972875.75
1157,708,7.89999999990687,1972873.25
1157,709,3.9000000001397,1972872
1157,708,3.89999999990687,1972873.25
1157,708,7.89999999990687,1972873.25
1157,709,3.9000000001397,1972872
1157,710,4,1972877.25
1158,712,7.80000000004657,1972862.5
1160,713,4,1972779.75
1161,712,3.89999999990687,1972777.25
1162,713,3.89999999990687,1972775.75
1162,712,4,1972774.5
1161,713,3.9000000001397,1972776
1160,714,3.89999999990687,1972780
1160,716,3.9000000001397,1972784
1160,719,4,1972799.75
1159,721,3.89999999990687,1972668
1159,725,3.89999999990687,1972612
1157,725,4,1972616
1156,727,3.9000000001397,1972623.75
1154,727,3.89999999990687,1972627.75
1153,730,4,1972583.75
1152,733,3.9000000001397,1972569.25
1151,732,3.89999999990687,2025125.25
1150,733,3.89999999990687,2025127.75
1151,733,4,2025126.5
1150,733,3.9000000001397,2025127.75
1150,733,3.89999999990687,2025127.75
1149,731,4,2025116
1149,730,7.80000000004657,2025117.25
1149,727,4,2025068
1150,723,3.89999999990687,2025051.75
1151,722,7.9000000001397,2025049.25
1153,721,3.89999999990687,1972648
1154,720,3.9000000001397,1972652
1155,721,8,1972654.5
1155,720,4,1972655.75
1154,719,4,1972819.75
1154,718,8,1972818.5
1155,718,4,1972817.25
1154,719,4,1972819.75
1155,720,8,1972655.75
1154,722,4,1972642.5
1154,724,4,1972636
1153,726,8,1972631.75
1153,727,4,1972628
1153,727,4,1972628
1152,726,4,1972630.5
1153,726,4,1972631.75
1153,725,4,1972632
1153,724,4,1972635.75
1154,723,4,1972643.75
1155,724,4,1972639.75
1155,724,4,1972639.75
1155,723,4,1972640
1155,720,4,1972655.75
1154,721,4,1972653.25
1153,720,4,1972651.75
1153,721,4,1972648
1154,723,4.0999999998603,1972643.75
1153,723,4,1972644
1152,725,4,1972633.25
1150,726,4,2025064
1149,726,4,2025069.25
1148,725,4,2025057.25
1146,726,4,2025074.5
1146,725,8,2025079.75
1146,720,4,2025038.5
1146,721,4,2025037.25
1148,715,8,2024863.75
1148,713,4,2024849.25
1148,710,4,2024814.5
1149,709,8,2024802.5
1149,707,4,2024796
1151,704,4,2024789.25
1152,703,8,1975637.25
1154,702,4,1975634.5
1156,703,4,1975631.75
1155,706,8,1972897.25
1156,706,4,1972916
1154,706,4,1972898.5
1155,706,4,1972897.25
1156,705,4,1972915.75
1155,706,4,1972897.25
1156,706,4,1972916
1155,707,4,1972896
1154,707,4,1972899.75
1155,705,4,1972910.5
1154,705,4,1972909.25
1155,703,4,1975632
1156,701,4,1975627.75
1157,700,4,1975625.25
1157,700,4,1975625.25
1157,700,4,1975625.25
1157,699,4,1975670.5
1157,699,4,1975670.5
1158,698,4,1975672
1159,697,4,1975676
1159,696,4,1975679.75
1159,693,4,1975684
1159,694,8,1975683.75
1160,691,4,1975759.75
1162,690,4,1975752
1163,688,8,1975749.25
1163,687,4,1975866.5
1163,687,4,1975866.5
1163,687,8,1975866.5
1164,686,4,1975814.5
1164,687,3.9000000001397,1975813.25
1164,688,8,1975802.5
1162,691,4,1975755.75
1162,692,4,1975774.5
1159,694,8,1975683.75
1158,697,4,1975677.25
1156,699,4,1975669.25
1155,700,8,1975647.75
1155,702,4,1975633.25
1154,704,4,1972908
1153,706,8,1972903.75
1152,708,4,1972890.5
1152,709,4,1972889.25
1152,708,8,1972890.5
1152,707,4,1972901.25
1152,706,4,1972902.5
1152,707,8,1972901.25
1154,707,4,1972899.75
1154,707,4,1972899.75
1542,834,79.2999999998137,1814578.5
1544,835,7.9000000001397,1814597.25
1545,837,3.89999999990687,1814648
1550,841,3.9000000001397,1814679.75
1554,843,4,1815395.75
1558,844,3.89999999990687,1815366.5
1559,845,3.89999999990687,1815364
1561,845,4,1815346.5
1561,844,3.9000000001397,1815347.75
1565,843,3.89999999990687,1815326.5
1567,842,4,1815315.75
1570,842,3.9000000001397,1815624
1573,843,3.89999999990687,1815668
1575,843,4,1815664
1575,842,3.89999999990687,1815665.25
1574,840,3.9000000001397,1815676
1574,840,4,1815676
1574,840,3.89999999990687,1815676
1574,839,3.9000000001397,1815595.75
1575,841,4,1815678.5
1575,844,3.89999999990687,1815663.75
1577,845,3.89999999990687,1815698.5
1577,844,4,1815697.25
1578,843,3.9000000001397,1815691.75
1578,842,4,1815688
1580,842,3.89999999990687,1815734.5
1581,839,3.9000000001397,1815758.5
1581,842,4,1815735.75
1581,840,3.89999999990687,1815739.75
1582,841,3.89999999990687,1815741.25
