x,y,t,h
971,476,4,789429.25
973,477,3.90000000037253,789410.5
975,479,3.90000000037253,789418.5
977,480,4,789763.75
974,482,3.90000000037253,789752
972,481,3.90000000037253,789747.75
973,481,4,789746.5
969,482,3.89999999850988,789735.75
970,483,3.90000000037253,789731.75
969,483,3.90000000037253,789732
969,482,4,789735.75
971,482,3.90000000037253,789729.25
970,482,3.90000000037253,789730.5
968,481,4,789737.25
969,481,3.89999999850988,789736
972,483,3.90000000037253,789749.25
973,484,4,789705.25
973,487,3.90000000037253,789710.5
976,491,7.90000000037253,789999.75
975,491,3.90000000037253,789680
977,494,3.89999999850988,790013.25
978,498,7.90000000037253,790024
977,500,3.90000000037253,790033.25
977,500,3.90000000037253,790033.25
980,504,7.90000000037253,790234.5
980,505,3.89999999850988,790235.75
983,508,4,790223.75
981,510,7.80000000074506,790215.75
981,512,3.90000000037253,785171.75
981,513,4,785170.5
981,513,7.79999999888241,785170.5
979,513,4,785164
978,511,3.90000000037253,790267.75
978,511,7.90000000037253,790267.75
976,510,3.90000000037253,790270.5
978,506,3.90000000037253,790242.5
979,505,4,790244
976,501,3.89999999850988,790035.75
975,496,3.90000000037253,790357.25
975,496,3.90000000037253,790357.25
975,494,4,789675.75
975,494,3.90000000037253,789675.75
976,496,3.90000000037253,790016
979,498,4,790025.25
978,500,4,790046.5
980,502,4,790052
982,506,4,790226.5
980,509,4,790217.25
982,511,4,790211.75
983,514,4,785177.25
1030,526,28,2009832
1023,528,4,786175.75
1041,529,4,2009256
1042,529,8,2009261.25
1048,543,4,2009151.75
1048,535,4,2009301.25
1053,539,8,2009118.5
1054,540,4,2009100
1052,546,4,2010462.5
1054,552,8,2010516
1054,548,4,2010468
1054,555,4,2010523.75
1056,551,8,2007701.25
1055,553,4,2010518.5
1057,552,4,2007659.75
1056,550,8,2007702.5
1058,548,4,2007708
1058,546,4,2007714.5
1059,545,4,2007726.5
1062,542,4,2009026.5
1064,540,4,2009018.5
1063,540,4,2009039.75
1063,541,4,2009038.5
1064,542,4,2009020
1065,541,4,2009016
1065,541,4,2009016
1066,539,4,2008969.25
1065,541,4,2009016
1063,543,4,2009024
1065,545,4,2007746.5
1064,546,4,2007758.5
1062,548,4,2007686.5
1064,546,4,2007758.5
1065,546,4,2007757.25
1062,546,3.89999999850988,2007736
1062,547,4,2007737.25
1061,545,4,2007730.5
1060,546,8,2007732
1059,547,4,2007712
1060,546,4,2007732
1058,547,8,2007715.75
1056,549,4,2007705.25
1057,549,4,2007704
1055,551,8,2010474.5
1165,692,56,1975777.25
1168,696,4,1975488
1170,699,4,1975497.25
1170,705,4,1973005.25
1173,707,4,1973020
1172,709,4.10000000149012,1973025.25
1174,722,4,1972370.5
1173,721,4,1972376
1172,722,4,1972380
1177,722,4,1972333.25
1175,725,4,1972366.5
1175,726,4,1972353.25
1174,728,4,1972436
1174,728,4,1972436
1176,726,4,1972350.5
1173,727,4,1972356
1174,726,8,1972354.5
1173,723,4,1972382.5
1174,718,4,1973096
1177,719,8,1973142.5
1171,725,4,1972406.5
1174,724,4,1972364
1171,722,8,1972387.75
1171,721,4,1972388
1174,719,4,1973097.25
1171,721,8,1972388
1172,719,4,1973093.25
1174,720,4,1972374.5
1176,718,8,1973140
1173,721,4,1972376
1173,723,4,1972382.5
1175,722,8,1972371.75
1175,722,4,1972371.75
1174,721,4,1972375.75
1175,722,8,1972371.75
1177,724,4,1972339.75
1181,728,4,1972273.25
1182,727,8,1972291.75
1181,726,4,1972295.75
1178,727,4,1972347.75
1179,729,8,1972270.5
1181,728,4,1972273.25
1180,726,4,1972294.5
1180,724,4,1972298.5
1178,722,4,1972322.5
1181,726,4,1972295.75
1178,724,4,1972340
1175,711,8,1973034.5
1173,724,4,1972363.75
1172,720,4,1972378.5
1174,720,8,1972374.5
1175,716,4,1973103.75
1175,721,4,1972372
1175,719,8,1973098.5
1173,715,4,1973108
1177,720,4,1972329.25
1175,716,8,1973103.75
1174,718,4,1973096
1174,718,4,1973096
1178,719,8,1973145.25
1178,723,4,1972321.25
1178,723,4,1972321.25
1178,721,4,1972327.75
1178,720,4,1972326.5
1177,720,4,1972329.25
1178,719,4,1973145.25
1176,722,4,1972332
1173,726,4,1972359.75
1176,722,4,1972332
1178,724,4,1972340
1175,722,4,1972371.75
1174,728,4,1972436
1172,728,4,1972432
1171,736,4,1971983.75
1169,727,4,1972412
1168,733,4,1972475.75
1169,729,4,1972418.5
1169,730,4,1972423.75
1172,730,4,1972446.5
1173,731,4,1972444
1173,731,4,1972444
1173,731,4,1972444
1173,727,4,1972356
1175,723,3.89999999850988,1972368
620,655,59,579087.75
612,650,3.90000000037253,579294.5
610,646,3.90000000037253,579256
603,642,7.90000000037253,579939.75
603,639,3.90000000037253,534170.5
600,638,4,534164
599,634,7.79999999888241,534129.25
601,629,3.90000000037253,534232
597,634,4,534135.75
593,630,3.90000000037253,534077.25
592,627,3.90000000037253,534021.25
589,625,4,534002.5
589,622,3.89999999850988,533677.25
589,621,3.90000000037253,533666.5
589,623,3.90000000037253,533676
588,622,4,533678.5
590,622,3.90000000037253,533672
589,621,3.90000000037253,533666.5
587,622,4,533683.75
588,618,3.89999999850988,533662.5
585,622,3.90000000037253,533693.25
589,621,4,533666.5
589,620,3.90000000037253,533667.75
590,620,3.90000000037253,533668
590,620,3.90000000037253,533668
589,621,4,533666.5
588,617,3.89999999850988,533649.25
588,615,3.90000000037253,533615.75
586,616,7.90000000037253,533646.5
586,614,3.90000000037253,533618.5
585,611,3.90000000037253,533574.5
588,610,7.89999999850988,533598.5
584,611,3.90000000037253,533573.25
583,611,4,533552
584,609,7.80000000074506,533571.75
583,607,3.90000000037253,533482.5
586,606,4,533266.5
586,608,7.79999999888241,533582.5
585,610,4,533575.75
589,609,4,533586.5
589,610,8,533597.25
592,613,4,534425.25
591,614,4,533609.25
592,614,8,534422.5
594,612,4,534428
591,612,4,533605.25
589,611,4,533596
586,609,4,533581.25
587,609,4,533580
586,606,4,533266.5
660,504,68,867440
658,505,4,867437.25
654,501,4,868199.75
653,506,8,868253.25
652,509,4,868257.25
655,508,4,868261.25
656,507,8,867429.25
656,501,4.09999999962747,867481.25
658,502,4,867474.5
658,501,8,867485.25
656,500,4,867482.5
659,499,4,867488
662,497,8,867517.25
661,495,4,867820
660,492,4,867808
661,492,4,867811.75
663,491,4,867802.5
664,492,4,867610.5
664,494,4,867606.5
664,494,4,867606.5
665,493,4,867608
664,492,4,867610.5
662,490,4,867800
660,490,4,867806.5
661,491,4,867804
662,491,4,867803.75
662,490,4,867800
660,490,4,867806.5
661,487,4,867716
663,487,4,867712
663,487,4,867712
662,488,4,867796
663,488,4,867797.25
666,488,4,867628
666,487,8,867707.75
665,485,4,867698.5
664,486,4,867710.5
663,480,8,867733.25
662,479,4,864873.25
661,479,4,864870.5
661,478,8,864871.75
661,478,4,864871.75
661,476,4,864865.25
661,476,8,864865.25
661,476,4,864865.25
661,475,4,864884
663,475,8,864880
665,473,4,864898.5
666,475,4,864907.75
668,478,8,864932
841,465,36,844264
840,461,4,843963.75
841,455,8,843902.5
842,454,4,843890.5
842,452,4,843894.5
845,450,4,843869.25
847,449,4,843862.5
847,443,4,843674.5
851,443,4,842848
852,441,4.10000000149012,842867.75
851,440,4,842863.75
851,440,4,842863.75
853,443,4,842870.5
855,444,4,842821.25
854,446,4,842818.5
856,451,4,844751.75
855,452,4,844677.25
853,451,8,844726.5
853,447,3.89999999850988,842830.5
851,451,4,844704
853,457,7.80000000074506,844658.5
851,454,4,844689.25
851,453,3.90000000037253,844702.5
852,454,7.90000000037253,844684
849,457,3.89999999850988,844648
852,456,3.90000000037253,844656
852,455,7.90000000037253,844687.75
853,454,3.90000000037253,844685.25
855,454,4,844675.75
855,456,3.90000000037253,844671.75
856,458,3.89999999850988,844588
856,453,4,844755.75
858,452,3.90000000037253,844766.5
862,455,4,844777.25
863,455,3.90000000037253,844778.5
866,451,3.90000000037253,844809.25
866,449,4,844813.25
865,448,3.90000000037253,844801.25
868,445,3.89999999850988,842721.25
869,445,4,842722.5
869,444,3.90000000037253,842723.75
868,442,3.90000000037253,842718.5
868,443,4,842719.75
868,437,3.90000000037253,842633.25
865,433,3.90000000037253,842664
865,438,4,842685.25
862,435,3.89999999850988,842995.75
860,439,3.90000000037253,842981.25
860,436,4,842976
858,442,3.90000000037253,842786.5
857,441,4,842792
855,439,3.90000000037253,842880
852,434,7.90000000037253,842932
853,433,3.89999999850988,842930.5
852,433,3.90000000037253,842931.75
852,442,7.90000000037253,842868
855,443,3.90000000037253,842874.5
856,444,4,842800
857,441,7.79999999888241,842792
1470,366,87.3000000007451,1233154.5
1475,366,4,1231963.75
1473,363,4,1231948
1473,360,4,1231939.75
1477,362,4,1231991.75
1478,361,4,1231997.25
1481,363,3.90000000037253,1232012
1481,363,4,1232012
1483,363,4,1232010.5
1483,360,4,1232005.25
1483,354,4,1232097.25
1484,351,4,1231791.75
1484,346,8,1231774.5
1485,344,4,1231763.75
1486,340,4,1231716
1486,341,8,1231719.75
1487,343,4,1231722.5
1487,342,4,1231721.25
1487,339,7.90000000037253,1231706.5
1488,332,4,1231354.5
1490,332,4,1231350.5
1489,339,8,1231012
1490,335,4,1231345.25
1489,338,4,1231015.75
1491,336,8,1231023.75
1489,337,4,1231016
1489,339,4,1231012
1491,336,4,1231023.75
1491,332,3.89999999850988,1231349.25
1494,327,4,1231235.75
1492,324,4,1231242.5
1491,323,4,1231264
1491,321,4,1231268
1489,319,4,1242710.5
1488,317,4,1242707.75
1486,316,4,1242542.5
1486,316,4,1242542.5
1485,313,4,1242552
1483,313,4,1242502.5
1483,315,4,1242506.5
1483,315,4,1242506.5
1481,314,4,1242509.25
1484,316,4,1242528
1481,317,4,1242514.5
1481,318,4,1242519.75
1482,319,4,1242521.25
1481,320,8,1231465.25
1481,318,4,1242519.75
1480,317,4,1242515.75
1480,316,8,1242512
1478,315,4,1242483.75
1475,316,4,1242463.75
1475,320,8,1231525.25
1475,319,4,1242458.5
1476,316,4,1242464
1477,319,8,1242470.5
1479,314,4,1242481.25
1481,316,4,1242513.25
1482,315,8,1242507.75
658,340,71.9000000003725,905758.5
643,341,4,906166.5
638,341,4,885997.25
631,344,4,885887.75
631,344,4,885887.75
627,348,4,885855.75
628,351,4,885839.75
635,348,4,885813.25
631,349,8,885828
629,349,4,885832
625,348,4,885851.75
623,347,8,886682.5
623,346,4,886681.25
624,347,4,885861.25
625,346,8,885863.75
625,347,4,885860
627,343,4,885904
628,341,8,885899.75
626,341,4,885917.25
627,340,4,885919.75
625,340,8,885915.75
625,337,4,885928
624,334,4,886268
623,333,8,886276
620,330,4,886324
620,329,4,886323.75
620,327,4,886341.25
619,327,4,886394.5
614,324,4,886412
615,322,4,886419.75
612,321,8,886427.75
612,319,4,899429.25
609,318,4,899415.75
612,317,4,899427.75
609,317,4,899410.5
612,317,4,899427.75
611,317,4,899420
610,315,4,899403.75
610,314,4,899400
612,314,3.90000000037253,899446.5
612,314,4,899446.5
612,314,4,899446.5
613,314,4,899447.75
614,316,4,899438.5
611,318,4,899419.75
612,318,8,899428
612,320,4,886426.5
613,320,4,886425.25
612,321,4,886427.75
611,319,4,899418.5
613,319,4,899430.5
611,318,4,899419.75
611,317,8,899420
608,317,4,899411.75
608,312,4,899392
608,313,8,899393.25
606,312,4,898748
608,308,4,899386.5
609,309,8,899384
607,310,4,898755.75
606,306,4,898808
606,306,4,898808
608,309,4,899387.75
610,308,4,899382.5
610,307,4,899337.25
612,308,3.90000000037253,899360
613,309,3.90000000037253,899362.5
616,307,4,899557.25
615,308,3.89999999850988,899365.25
616,308,3.90000000037253,899546.5
618,308,4,899548
620,311,3.90000000037253,899535.75
621,312,3.90000000037253,899515.75
621,314,4,899511.75
621,313,3.90000000037253,899512
623,314,3.89999999850988,899505.25
622,315,4,899507.75
624,316,3.90000000037253,899664
623,317,3.90000000037253,899500
622,319,4,899497.25
621,320,7.80000000074506,886361.25
618,320,4,886374.5
618,321,3.89999999850988,886375.75
616,321,7.90000000037253,886379.75
617,321,3.90000000037253,886376
618,321,3.90000000037253,886375.75
616,320,7.90000000037253,886378.5
615,318,3.89999999850988,899435.75
614,318,4,899432
614,319,7.80000000074506,899433.25
614,317,4,899437.25
617,312,3.90000000037253,899459.75
618,312,7.90000000037253,899460
618,312,3.89999999850988,899460
618,311,4,899539.75
617,308,7.80000000074506,899547.75
617,306,4,899559.75
619,305,3.90000000037253,899566.5
621,305,3.90000000037253,899570.5
621,305,4,899570.5
619,304,3.89999999850988,899567.75
621,305,3.90000000037253,899570.5
619,308,4,899551.75
618,308,3.90000000037253,899548
619,311,3.90000000037253,899536
619,314,4,899465.25
619,321,3.90000000037253,886372
621,323,3.89999999850988,886366.5
623,323,4,886352
620,324,3.90000000037253,886346.5
619,327,3.90000000037253,886394.5
620,328,4,886320
616,334,3.90000000037253,886294.5
619,340,3.90000000037253,886645.25
619,339,4,886602.5
621,339,4,886620
620,339,4,886623.75
620,335,8,886287.75
619,333,4,886302.5
619,333,4,886302.5
619,332,8,886303.75
622,334,3.89999999850988,886274.5
623,333,4,886276
624,333,8,886267.75
624,333,4,886267.75
624,333,4,886267.75
623,332,8,886277.25
623,328,4,886335.75
622,328,4,886334.5
622,326,8,886338.5
903,617,72,775380
905,651,4,731684
906,623,4,775345.25
903,626,4,775449.25
904,614,8,775292
909,634,4,775607.75
912,637,4,775763.75
913,618,8,776039.75
911,641,4,731732
914,643,4,731553.25
915,640,8,731557.25
915,651,4,731594.5
914,645,4,731575.75
915,646,8,731577.25
913,641,4,731560
912,645,4,731569.25
910,641,8,731735.75
908,642,4,731740
908,647,4,731717.25
909,649,8,731698.5
909,649,4,731698.5
905,649,4,731688
907,648,8,731695.75
905,648,4,731691.75
905,645,4,731762.5
905,646,4,731773.25
906,651,4,731683.75
906,645,4,731767.75
907,653,4,731678.5
907,657,8,731980
906,658,3.90000000037253,731976
904,663,4,732031.75
904,677,4,732377.25
905,675,4,732388
904,656,4,731968
904,675,4,732389.25
905,679,4,732372
902,656,4,731964
905,672,4,732395.75
905,665,4,732034.5
904,674,8,732390.5
905,672,4,732395.75
904,679,4,732373.25
904,682,8,732302.5
904,683,4,732303.75
905,665,4,732034.5
906,674,4,732386.5
907,673,4,732398.5
907,673,4,732398.5
907,677,4,732382.5
906,663,8,732017.25
906,682,4,732296
879,424,72,841919.75
874,428,3.90000000037253,841886.5
875,432,4,842597.25
871,433,3.90000000037253,842644
871,438,3.90000000037253,842625.25
870,438,4,842626.5
871,440,3.89999999850988,842709.25
872,441,3.90000000037253,842537.25
874,438,3.90000000037253,842616
875,433,4,842596
878,433,3.90000000037253,842583.75
880,429,7.90000000037253,842225.25
881,425,3.89999999850988,842216
880,417,3.90000000037253,841985.25
883,421,7.90000000037253,842012
883,420,3.90000000037253,842015.75
883,418,4,841993.25
883,420,7.79999999888241,842015.75
883,423,3.90000000037253,842010.5
883,425,4,842212
883,428,7.80000000074506,842229.25
882,428,4,842228
880,427,3.90000000037253,842223.75
881,423,7.89999999850988,842006.5
882,427,3.90000000037253,842209.25
881,428,3.90000000037253,842227.75
880,425,3.90000000037253,842219.75
880,425,4,842219.75
880,427,3.90000000037253,842223.75
880,428,3.89999999850988,842224
881,429,4,842226.5
880,428,3.90000000037253,842224
881,429,3.90000000037253,842226.5
881,429,4,842226.5
879,432,3.90000000037253,842581.25
879,435,3.90000000037253,842576
878,433,4,842583.75
879,433,3.89999999850988,842580
879,431,3.90000000037253,841898.5
878,433,3.90000000037253,842583.75
878,432,4,842582.5
878,430,3.90000000037253,841896
877,434,3.90000000037253,842589.25
878,434,4,842578.5
878,434,3.89999999850988,842578.5
879,436,3.90000000037253,842575.75
880,437,4,842259.75
880,439,3.90000000037253,842261.25
881,441,3.90000000037253,842472
881,443,7.90000000037253,842478.5
883,446,3.89999999850988,842489.25
884,449,4,845113.25
883,450,8,845065.25
884,453,4,845091.75
883,455,4,845082.5
883,456,8,845285.25
883,459,4,845280
881,458,4,845293.25
882,461,8,845303.75
881,465,4,845314.5
880,465,4,845313.25
880,467,7.90000000037253,845327.75
879,469,4,845646.5
878,468,4,845644
880,466,4,845326.5
879,465,4,845652
878,465,4,845655.75
878,465,4,845655.75
877,465,4,845656
876,464,4,845658.5
876,464,4,845658.5
877,465,4,845656
875,463,4,844954.5
877,463,4,844966.5
877,463,4,844966.5
877,465,4,845656
537,626,51.9000000003725,530151.75
543,635,4,530096
541,640,4,584025.25
540,645,8,584009.25
535,646,4,584065.25
532,646,4,584070.5
529,649,8,584130.5
525,652,4,584201.25
523,653,4,584222.5
521,653,8,584216
521,654,4,584215.75
521,656,4,584513.25
516,657,8,584505.25
514,657,4,584455.75
513,658,4,584461.25
513,658,4,584461.25
514,658,4,584456
513,660,4,584465.25
514,659,4,584459.75
514,659,4,584459.75
515,663,4,584474.5
516,659,4,584501.25
516,656,4,584506.5
518,656,4,584508
520,655,4,584213.25
520,650,4,584230.5
520,652,4,584218.5
521,655,4,584212
523,651,4,584224
524,651,4,584245.25
525,651,4,584246.5
525,649,4,584242.5
526,651,4,584249.25
527,652,4,584197.25
527,652,8,584197.25
529,652,4,584185.25
529,655,4,584190.5
528,655,8,584191.75
1097,698,64,2023303.75
1103,706,4,2023513.25
1107,707,4,2024352
1108,705,8,2024371.75
1108,707,4,2024373.25
1110,714,4,2024312
1109,714,8,2024311.75
1110,712,4,2024318.5
1111,704,4,2024383.75
1111,708,4,2024325.25
1111,706,4,2024379.75
1112,704,4,2024384
1109,705,4,2024370.5
1110,701,8,2022471.75
1109,704,4,2024369.25
1108,700,4,2022474.5
1109,699,3.90000000037253,2022518.5
1109,697,3.90000000037253,2022514.5
1110,695,4,2022529.25
1111,699,3.89999999850988,2022522.5
1112,697,7.90000000037253,2022443.75
1114,697,3.90000000037253,2022439.75
1114,697,4,2022439.75
1117,696,7.80000000074506,2022425.25
1117,695,4,2022630.5
1115,697,3.89999999850988,2022436
1118,698,7.90000000037253,2022418.5
1117,707,3.90000000037253,2024436
1118,710,3.90000000037253,2024424
1120,718,4,2024532
1115,712,3.90000000037253,2024229.25
1116,718,3.89999999850988,2024198.5
1115,719,4,2024250.5
1115,719,7.90000000037253,2024250.5
1116,716,3.90000000037253,2024202.5
1115,722,3.90000000037253,2024161.25
1116,718,4,2024198.5
1116,716,3.90000000037253,2024202.5
1114,713,3.89999999850988,2024231.75
1114,715,4,2024225.25
1114,711,3.90000000037253,2024409.25
1115,710,3.90000000037253,2024411.75
1115,711,4,2024410.5
1114,709,3.90000000037253,2024413.25
1114,712,3.90000000037253,2024230.5
1113,717,4,2024242.5
1112,719,3.89999999850988,2024255.75
1109,721,3.90000000037253,2023954.5
1109,727,4,2023980
1109,729,3.90000000037253,2024056
1108,731,4,2024053.25
1105,734,3.90000000037253,2024023.75
1104,734,3.90000000037253,2024020
1105,736,4,2026921.25
1104,737,3.89999999850988,2026923.75
1102,735,7.90000000037253,2023849.25
1100,735,3.90000000037253,2023845.25
1097,734,3.90000000037253,2023831.75
1098,732,7.90000000037253,2023838.5
1096,730,3.89999999850988,2023822.5
1095,726,4,2023721.25
1095,727,7.80000000074506,2023722.5
1097,722,4,2023911.75
1096,723,3.90000000037253,2023909.25
1097,721,7.90000000037253,2023912
1098,718,3.89999999850988,2023602.5
1098,722,4,2023906.5
1097,726,8,2023895.75
1102,727,4,2023873.25
1103,730,4,2023857.25
1104,732,8,2024016
1101,738,4,2027101.25
1105,741,4,2026930.5
1102,744,4,2027070.5
1102,746,4,2027064
1101,746,4,2027063.75
1100,748,4,2027018.5
796,552,52,763834.5
800,550,4,762558.5
796,549,4,763851.75
793,541,8,763928
791,541,4,764134.5
791,540,4,764133.25
789,539,7.90000000037253,764124
788,537,4,764113.25
788,534,4,764038.5
787,534,8,764089.25
786,533,4,764087.75
785,531,4,764078.5
783,530,8,764401.25
783,529,4,764414.5
784,527,4,764757.25
783,526,8,764417.25
783,531,4,764400
782,528,4,764412
783,534,8,764395.75
780,537,4,764187.75
781,541,4,764168
780,541,4,764169.25
779,538,4,764195.75
780,539,4,764191.75
779,539,3.90000000037253,764192
778,539,4,764193.25
777,539,4,764206.5
777,542,4,764221.25
777,541,4,764210.5
776,540,4,764208
777,539,4,764206.5
776,538,4,764204
777,539,4,764206.5
777,540,4,764211.75
777,539,4,764206.5
778,541,4,764215.75
779,541,4,764214.5
780,542,4,764166.5
780,540,4,764170.5
781,540,4,764171.75
781,541,8,764168
780,540,4,764170.5
781,540,4,764171.75
781,540,8,764171.75
779,540,4,764213.25
780,541,4,764169.25
780,541,8,764169.25
779,540,4,764213.25
779,540,4,764213.25
779,541,8,764214.5
779,541,4,764214.5
778,538,4,764194.5
779,541,8,764214.5
779,541,4,764214.5
779,540,4,764213.25
779,540,8,764213.25
779,538,4,764195.75
780,537,4,764187.75
780,537,8,764187.75
780,537,4,764187.75
780,536,4,764186.5
780,537,8,764187.75
779,537,3.90000000037253,764196
779,535,4,764378.5
778,535,4,764377.25
778,535,4,764377.25
779,534,4,764379.75
779,536,4,764197.25
778,535,8,764377.25
778,538,4,764194.5
778,545,4.09999999962747,763591.75
779,541,8,764214.5
778,541,4,764215.75
778,543,4,764219.75
777,545,8,763586.5
776,543,4,764223.75
396,459,86.5999999996275,178741.25
396,459,4,178741.25
393,458,3.90000000037253,178727.75
392,455,4,178815.75
392,454,3.90000000037253,178814.5
391,455,3.90000000037253,178816
393,457,4,178728
395,459,3.89999999850988,178720
399,460,3.90000000037253,178693.25
398,462,4,178690.5
399,463,3.90000000037253,178688
400,462,4,178684
402,464,3.90000000037253,178348
404,463,3.90000000037253,178671.75
404,462,4,178670.5
407,463,7.79999999888241,178666.5
409,465,4,178370.5
409,464,3.90000000037253,178371.75
409,463,7.90000000037253,178452
408,464,3.90000000037253,178368
410,464,4,178372
410,463,7.79999999888241,178451.75
410,463,4,178451.75
408,465,3.90000000037253,178369.25
405,461,7.90000000037253,178658.5
406,463,3.90000000037253,178667.75
404,462,4,178670.5
403,456,7.79999999888241,178639.75
405,458,4,178653.25
405,457,3.90000000037253,178642.5
407,455,4,178560
406,454,3.90000000037253,178562.5
406,456,4,178644
406,456,4,178644
408,455,4,178559.75
408,457,4,178473.25
407,454,4,178561.25
408,454,4,178558.5
408,454,4,178558.5
406,454,4,178562.5
406,452,4,178572
406,458,3.90000000037253,178648
406,457,4,178647.75
408,456,4,178474.5
410,458,4,178466.5
411,460,4,178463.75
412,459,4,178485.25
414,463,4,178433.25
415,465,4,178430.5
418,469,8,177949.25
956,386,51.8999999985099,798710.5
941,382,4,817933.25
945,381,8,817906.5
956,384,4,798714.5
958,382,4,817832
953,377,8,817794.5
957,376,4,817811.75
956,378,4,817822.5
959,380,4,817829.25
957,379,4,817820
958,378,4,817816
959,377,4,817814.5
956,375,4,817775.75
958,375,4,817771.75
958,375,3.90000000037253,817771.75
957,374,4,817773.25
