x,y,t,h
948,600,4,777424
956,600,4,777264
957,604,4,777225.25
957,604,4,777225.25
961,605,3.90000000002328,779256
957,603,4,777270.5
959,607,8,777216
954,611,4,777163.75
957,611,4,777204
958,612,4,777198.5
962,608,4,779268
959,606,4,777219.75
952,602,4,777254.5
954,599,4,777339.75
950,603,4,777435.75
948,605,4,777441.25
940,601,4,777499.75
945,604,4,777465.25
944,595,4,777391.75
948,597,3.90000000002328,777353.25
945,597,4,777394.5
942,599,4,777705.25
939,607,4,777530.5
943,601,4,777492
940,604,4,777482.5
940,600,4,777498.5
953,595,4,777326.5
958,594,4,777298.5
954,595,8,777313.25
952,593,4,777323.75
951,600,4,777429.25
959,607,8,777216
959,598,3.90000000002328,777281.25
957,637,4,776866.5
959,606,8,777219.75
962,605,4,779255.75
957,608,4,777211.75
958,611,7.89999999990687,777203.75
782,732,39.3000000000466,743692
777,711,3.90000000002328,744150.5
774,733,3.90000000002328,743751.75
789,727,3.89999999990687,743556
785,737,4,743170.5
779,739,3.90000000002328,743114.5
787,744,3.90000000002328,743237.25
784,745,3.90000000002328,743233.25
789,750,4,743271.75
799,748,3.90000000002328,743343.75
793,748,3.89999999990687,743313.25
791,753,4,742548
792,752,3.90000000002328,742506.5
792,753,3.90000000002328,742507.75
793,750,3.90000000002328,743319.75
793,753,4,742504
792,752,3.90000000002328,742506.5
795,751,3.89999999990687,743322.5
794,748,4,743326.5
790,752,3.90000000002328,742550.5
787,755,7.80000000004657,742560
784,755,4,742575.75
790,755,3.90000000002328,742545.25
788,756,7.79999999993015,742538.5
791,755,4,742544
797,757,3.90000000002328,742472
793,753,7.90000000002328,742504
796,752,3.90000000002328,742490.5
796,761,3.89999999990687,742451.75
798,764,7.90000000002328,742406.5
799,765,3.90000000002328,742404
800,755,4,742159.75
802,763,7.80000000004657,742369.25
802,769,4,659117.25
803,763,3.89999999990687,742368
803,765,3.90000000002328,742390.5
800,771,4,659109.25
800,772,3.90000000002328,659098.5
800,775,3.90000000002328,659093.25
800,771,4,659109.25
800,771,3.90000000002328,659109.25
803,771,4,659104
801,768,4,659115.75
796,769,4,655697.25
801,766,4,742397.25
798,764,4,742406.5
803,763,4,742368
807,764,4,742351.75
800,769,4,659113.25
801,774,4,659095.75
806,773,4,659079.75
797,777,4,655762.5
805,776,4,659057.25
797,778,4,655773.25
799,785,8,655958.5
797,792,4,656019.75
805,784,4,658865.25
801,782,8,659031.75
800,782,4,659030.5
787,780,4,655861.25
800,774,8,659094.5
797,767,4,742414.5
794,762,4.09999999997672,742434.5
797,761,8,742450.5
801,746,4,742087.75
799,742,4,743363.75
799,746,8,743345.25
796,742,4,743372
798,740,4,743366.5
791,744,8,743295.75
793,742,4,743383.75
794,744,4,743300
797,747,8,743348
794,746,4,743304
793,750,4,743319.75
805,738,8,742045.25
801,749,4,742136
800,738,4,742060
801,742,8,742077.25
802,731,4,744779.75
797,735,4.09999999997672,743438.5
811,725,4,744926.5
801,727,4,744766.5
800,729,4,744769.25
799,730,4,743483.75
810,719,8,744625.25
807,736,4,742037.25
807,727,4,744746.5
809,734,8,744855.75
813,737,4,741976
805,745,4,742098.5
806,744,8,742100
800,747,3.90000000002328,742085.25
792,753,4,742507.75
792,759,7.90000000002328,742527.75
801,757,3.89999999990687,742162.5
794,758,3.90000000002328,742520
800,756,7.90000000002328,742160
801,758,3.90000000002328,742167.75
790,763,4,742619.75
481,800,43.2999999999302,456707.75
467,797,3.90000000002328,455414.5
457,795,3.90000000002328,455460
455,797,4,455654.5
467,792,3.90000000002328,455397.25
459,788,3.90000000002328,455541.25
469,787,4,455220
459,783,3.89999999990687,454810.5
462,788,4,455500
456,785,3.90000000002328,455531.75
460,787,3.90000000002328,455519.75
463,787,4,455504
461,786,3.90000000002328,455517.25
448,787,7.90000000002328,455599.75
460,788,3.89999999990687,455498.5
458,788,3.90000000002328,455540
457,790,7.90000000002328,455549.25
456,790,4,455550.5
453,795,3.90000000002328,455644
448,793,7.90000000002328,455619.75
452,795,3.89999999990687,455647.75
460,795,3.90000000002328,455477.25
460,792,7.90000000002328,455472
462,793,3.90000000002328,455485.25
468,792,4,455386.5
466,791,7.90000000002328,455193.25
472,797,3.89999999990687,455355.75
473,796,3.90000000002328,455353.25
462,794,7.90000000002328,455480
477,793,3.90000000002328,455314.5
478,793,4,455319.75
483,791,3.90000000002328,458128
479,792,4,455317.25
479,792,4,455317.25
477,792,4,455315.75
477,792,4,455315.75
480,796,4,458074.5
479,793,4,455318.5
478,811,4,456465.25
475,803,4,456650.5
470,800,4,456638.5
459,802,4,455755.75
477,802,4,456695.75
465,803,4,456612
465,806,4,456599.75
461,810,4,455837.25
470,808,4,456574.5
475,804,4,456671.75
474,812,3.89999999990687,456500
481,806,4,456727.75
479,812,8,456463.75
487,810,4,456915.75
487,810,4,456915.75
482,812,8,456948
485,814,4,456903.75
482,813,4,456951.75
483,809,8,456932
483,811,4,456928
479,812,4,456463.75
479,809,8,456468
477,810,4,456477.25
474,809,4,456487.75
472,806,8,456660
472,802,4,456654.5
472,802,4,456654.5
469,801,4,456626.5
469,802,4,456631.75
468,802,4,456628
468,801,3.90000000002328,456627.75
465,799,4,455420
464,801,4,456617.25
463,801,4,455766.5
461,796,4,455433.25
463,799,4,455424
464,799,4,455423.75
457,797,4,455448
453,790,4,455559.75
457,786,4,455533.25
457,782,4,454807.75
460,781,4,454819.75
462,778,4,454834.5
463,778,4,454833.25
461,774,4,454861.25
464,776,4,455146.5
465,772,4,454929.25
345,295,55.9000000000233,145364
350,295,4,145345.25
353,287,8,146774.5
344,290,4,145382.5
346,294,4,145362.5
346,293,8,145373.25
348,289,4,145395.75
352,291,4,144047.75
353,293,4,144050.5
356,295,4,144005.25
357,294,4,144007.75
354,291,4,144033.25
356,293,4,144009.25
352,293,4,144049.25
352,292,4,144048
343,290,4,145177.25
341,290,4,145181.25
339,288,4,145167.75
341,285,4,145634.5
328,282,4,145708
327,279,4,145792
329,280,4,145705.25
326,278,4,145794.5
325,277,4,145800
325,275,4,145846.5
324,277,4,145803.75
329,275,4,145868
332,276,8,145888
335,278,4,145899.75
332,280,4,145690.5
338,282,8,145608
342,284,4,145636
344,284,4,145434.5
342,289,8,145175.75
345,291,3.90000000002328,145380
344,292,4,145370.5
345,296,8,145283.75
343,296,4,145279.75
342,295,4,145195.75
341,296,8,145275.75
340,295,4,145199.75
336,301,4,145235.75
334,305,8,144893.25
331,301,4,144950.5
330,299,4,144929.25
329,295,8,145110.5
328,305,4,144833.25
328,295,4,145109.25
327,299,8,145018.5
322,292,4,145052
328,295,4,145109.25
330,293,8,145117.25
335,291,4,145136
328,290,4,145102.5
336,294,8,145212
332,297,4,144923.75
340,291,4,145183.75
342,294,8,145192
345,293,4,145368
348,294,4,145356
344,298,4,145294.5
348,297,4,145337.25
347,300,4,145311.75
345,301,4,145298.5
339,302,8,145243.75
625,294,40,899991.75
620,295,8,899183.75
636,288,4,900090.5
629,286,4,900333.25
624,291,4,900005.25
635,284,4,900127.75
636,282,4,900148
631,286,4,900329.25
638,284,4,900102.5
637,292,4,900065.25
635,292,4,900063.75
634,291,4,900043.75
633,291,4,900044
632,291,4,900047.75
628,289,4,900019.75
626,287,4,900337.25
624,296,3.90000000002328,899946.5
621,291,3.89999999990687,899164
613,292,4,899105.25
607,292,3.90000000002328,899055.75
608,289,3.90000000002328,899073.25
604,290,4,899062.5
601,286,3.90000000002328,897725.25
608,278,3.90000000002328,900502.5
605,287,4,897708
606,282,3.89999999990687,897688
607,283,3.90000000002328,897690.5
967,299,55.0999999999767,810096
966,296,4,810108
970,299,3.90000000002328,810123.75
966,301,7.90000000002328,810093.25
955,302,3.90000000002328,811931.75
967,304,3.90000000002328,810901.25
961,302,4,810071.75
960,301,3.89999999990687,810067.75
962,300,3.90000000002328,810078.5
968,291,4,810213.25
961,302,3.90000000002328,810071.75
965,296,3.90000000002328,810107.75
960,297,4,810049.25
959,296,3.90000000002328,811967.75
964,295,3.89999999990687,810031.75
967,295,4,810026.5
969,295,3.90000000002328,810196
973,294,3.90000000002328,810189.25
972,297,4,810169.25
963,296,3.90000000002328,810053.25
968,293,3.90000000002328,810201.25
973,292,4,810185.25
973,292,3.89999999990687,810185.25
973,292,3.90000000002328,810185.25
972,293,4,810187.75
969,288,3.90000000002328,810219.75
970,296,3.90000000002328,810116
964,282,4,809948
967,285,3.90000000002328,809934.5
969,289,8,810216
965,289,4,810002.5
972,295,4,810191.75
970,295,8,810195.75
965,286,3.89999999990687,809927.75
967,293,4,810022.5
961,286,8,809981.25
964,304,4,810906.5
966,296,4,810108
969,297,8,810114.5
965,295,4,810028
966,295,4,810027.75
968,292,7.90000000002328,810202.5
967,289,4,810006.5
965,286,4,809927.75
966,288,4,810004
967,284,4,809935.75
970,281,4,809869.25
971,279,4,809840
971,278,4,809843.75
972,279,4,809839.75
1236,452,47.9000000000233,1155360
1228,447,4,1160453.25
1230,443,7.90000000002328,1160465.25
1228,441,4,1160475.75
1229,457,4,1155256
1234,451,8,1155339.75
1239,454,4,1155371.75
1236,455,4,1155365.25
1236,451,8,1155381.25
1236,445,4,1160417.25
1235,446,3.90000000002328,1160435.75
1241,450,8,1155399.75
1240,454,4,1155452
1241,453,4,1155448
1240,459,8,1155461.25
1239,464,4,1155647.75
1238,458,4,1155538.5
1235,461,8,1155574.5
1237,464,4,1155643.75
1234,460,4,1155572
1234,465,4,1155591.75
1233,465,4,1155586.5
1233,463,4,1155580
1232,465,4,1155585.25
1234,467,4,1155595.75
1233,463,4,1155580
1236,458,4,1155548
1234,455,4,1155353.25
1235,459,4,1155552
1232,459,4,1155567.75
1234,457,4,1155559.75
1234,456,4,1155558.5
1239,450,4,1155377.25
1234,453,4,1155357.25
1237,453,4,1155362.5
1236,452,4,1155360
1236,453,4,1155363.75
1230,453,4,1155271.75
1234,460,4,1155572
1234,454,8,1155352
1231,455,4,1155264
1227,452,4,1155295.75
1232,451,8,1155343.75
1233,453,4,1155346.5
1229,450,4,1155319.75
1226,458,8,1155208
1233,452,4,1155345.25
1227,447,4,1160506.5
1234,441,8,1160397.25
1225,441,4,1160488
1227,441,4,1160484
1230,439,8,1160681.25
1417,412,48,1212817.25
1412,409,4,1212793.25
1412,409,4,1212793.25
1412,409,4,1212793.25
1417,401,4,1212904
1418,409,4,1212807.75
1416,409,4,1212801.25
1418,413,3.89999999990687,1212829.25
1414,411,4,1212787.75
1416,404,3.90000000002328,1212890.5
1418,410,3.90000000002328,1212808
1418,409,4,1212807.75
1418,416,3.90000000002328,1216102.5
1414,407,3.90000000002328,1212715.75
1422,403,4,1212921.25
1420,406,7.79999999993015,1212876
1420,400,3.90000000002328,1212912
1417,394,4,1212551.75
1419,397,3.90000000002328,1212596
1419,388,3.90000000002328,1212533.25
1418,393,4,1212557.25
1416,390,3.89999999990687,1212540
1415,387,7.90000000002328,1212464
1416,383,3.90000000002328,1234239.75
1416,382,3.90000000002328,1234238.5
1414,378,7.90000000002328,1234296
1414,377,3.89999999990687,1234301.25
1414,376,3.90000000002328,1234302.5
1413,379,7.90000000002328,1234294.5
1413,376,3.90000000002328,1234289.25
1412,374,4,1234316
1751,606,47.0999999999767,1624131.75
1753,591,3.90000000002328,1624340
1741,600,4,1624979.75
1746,609,3.90000000002328,1625351.75
1751,607,3.89999999990687,1624128
1750,607,3.90000000002328,1624129.25
1750,615,4,1625385.25
1752,612,3.90000000002328,1625466.5
1745,615,7.90000000002328,1625366.5
1742,611,3.90000000002328,1625337.25
1746,609,3.89999999990687,1625351.75
1745,609,7.90000000002328,1625346.5
1744,615,3.90000000002328,1625365.25
1744,619,3.90000000002328,1625583.75
1747,608,7.90000000002328,1625349.25
1751,607,4,1624128
1746,608,4,1625348
1741,615,8,1625294.5
1745,605,4,1624152
1748,609,4,1625401.25
1748,599,8,1624207.75
1741,609,4,1625330.5
1741,608,4,1625329.25
1742,606,8,1625000
1743,602,4,1624985.25
1750,605,4,1624135.75
1743,604,4,1624997.25
1748,605,4,1624139.75
1744,604,4,1624154.5
1740,607,4,1625007.75
1750,608,4,1625404
1751,609,4,1625406.5
1746,608,4,1625348
1754,606,4,1624120
1755,607,4,1624122.5
1747,611,4,1625354.5
1750,612,4,1625390.5
1756,612,4,1625440
1750,604,4,1624134.5
1754,601,4,1624103.75
1757,599,4,1624294.5
1752,599,4,1624277.25
1754,594,4,1624264
1749,594,4,1624247.75
1747,611,4,1625354.5
1745,611,8,1625356
1748,605,4,1624139.75
1750,604,4,1624134.5
1744,610,8,1625358.5
1748,617,4,1625563.75
1745,614,4,1625367.75
1741,613,8,1625288
1742,617,4,1625277.25
1746,619,4,1625569.25
1751,617,8,1625556
1741,616,4,1625275.75
1745,614,4,1625367.75
1737,612,8,1625307.75
1736,609,4,1625321.25
1731,613,4,1625140
1722,612,4,1626484
1723,610,4,1626467.75
1725,615,4,1626436
1719,614,4,1626497.25
1716,622,4,1626606.5
1713,621,4,1626616
1716,619,4,1626591.75
1719,618,4,1626585.25
1719,621,4,1626598.5
1720,625,4,1626305.25
1728,626,4,1626028
1724,629,4,1626339.75
1727,627,4,1626352
1731,622,4,1625179.75
1734,626,4,1626002.5
1744,625,4,1625601.25
1739,626,4,1625955.75
1744,625,4,1625601.25
1741,631,4,1625924
1735,628,8,1625999.75
1737,629,4,1625970.5
1719,743,44,1612672
1728,748,4,1615088
1728,753,4,1615107.75
1727,749,8,1612558.5
1721,752,4,1612523.75
1722,752,4,1612524
1718,753,8,1612311.75
1714,756,4,1612342.5
1715,757,4,1612340
1715,756,8,1612341.25
1716,761,4,1612409.25
1715,768,4,1795493.25
1713,761,4,1612354.5
1711,761,4,1612222.5
1707,763,4,1612170.5
1706,761,4,1612167.75
1704,759,8,1612245.25
1701,762,4,1612151.75
1699,762,4,1612105.25
1692,761,4,1611449.25
1693,759,4,1611470.5
1690,759,4,1611475.75
1685,757,4,1611298.5
1689,756,4,1611483.75
1686,756,4,1611300
1689,755,4,1611492
1688,752,4,1611498.5
1685,757,7.89999999990687,1611298.5
1689,757,3.90000000002328,1611480
1692,761,4,1611449.25
1694,759,7.80000000004657,1611457.25
1705,756,4,1612251.75
1700,765,3.90000000002328,1612131.75
1706,759,3.89999999990687,1612243.75
1707,760,3.90000000002328,1612165.25
1220,818,47.2000000000698,2055990.5
1213,823,3.89999999990687,2050766.5
1210,818,4,2050786.5
1213,818,3.90000000002328,2050807.75
1213,825,3.90000000002328,2050744
1207,824,4,2050687.75
1201,825,3.90000000002328,2050626.5
1205,822,3.90000000002328,2050605.25
1198,819,4,2050553.25
1199,824,3.89999999990687,2050495.75
1211,816,3.90000000002328,2050799.75
1206,825,3.90000000002328,2050685.25
1209,827,4,2050700
1207,834,3.90000000002328,2061715.75
1204,831,3.90000000002328,2050661.25
1202,831,4,2050649.25
1209,829,3.89999999990687,2050706.5
1207,833,3.90000000002328,2061716
1208,829,3.90000000002328,2050707.75
1209,833,4,2061672
1211,825,3.90000000002328,2050694.5
1201,832,3.90000000002328,2061737.25
1206,824,7.89999999990687,2050684
1204,823,3.90000000002328,2050607.75
1204,820,4,2050592
1207,823,7.80000000004657,2050602.5
1207,823,3.90000000002328,2050602.5
1209,821,4,2050776
1215,823,7.79999999993015,2050752
1212,823,4,2050767.75
1213,828,3.90000000002328,2050721.25
1216,825,7.90000000002328,2056171.75
1220,826,3.90000000002328,2056156
1218,828,4,2056180
1219,826,8,2056163.75
1218,823,4,2055961.25
1219,821,4,2055964
1215,818,4,2050811.75
1215,820,4,2050757.25
1215,817,4,2050812
1215,816,4,2050815.75
1215,814,4,2050817.25
1215,813,4,2050830.5
1211,813,4,2050870.5
1215,812,4,2050831.75
1217,814,4,2055933.25
1218,819,4,2055947.75
1218,822,4,2055960
1217,828,4,2056179.75
1217,826,4,2056173.25
1212,833,4,2061659.75
1213,829,4,2050722.5
1214,832,4,2061654.5
1212,836,4,2061642.5
1209,836,4,2061683.75
1205,840,4,2061779.75
1203,843,8,2061770.5
1200,845,4,2061819.75
1196,846,4,2061836
1197,843,8,2061878.5
1194,844,4,2061852
1194,841,4,2061869.25
1195,838,8,2061945.25
1194,839,4,2061947.75
1190,840,4,2062036
1191,836,8,2061967.75
1193,838,4,2061949.25
1010,797,44,720119.75
1041,800,4,2035113.25
1010,794,4,720072
1021,794,4,719927.75
1020,790,4,719942.5
1014,788,4,720012
1013,785,4,720024
1018,789,4,719991.75
1014,791,4,720003.75
1013,787,4,720030.5
1009,786,4,720045.25
1009,779,4,720716
1006,779,4,720401.25
1006,777,4,720407.75
1008,775,4,720703.75
1003,775,4,720602.5
1008,772,4,720698.5
1008,772,4,720698.5
1003,769,8,720582.5
1003,764,4,721845.25
1002,773,4,720605.25
1005,767,8,721836
1009,772,4,720697.25
832,857,48,663873.25
858,853,4,664285.25
851,859,8,664138.5
842,858,4,663944
847,857,4,663998.5
853,857,4,664184
850,854,4,664114.5
843,858,4,663945.25
851,847,4,664400
854,848,4,664084
853,846,4,664397.25
850,840,4,664428
847,839,4,663658.5
848,840,4,664426.5
846,835,4,663643.75
846,835,4,663643.75
847,837,4,663654.5
845,839,4,663660
844,837,4,663649.25
961,819,36,718086.5
946,819,8,712867.75
953,807,4,713084
955,808,4,713007.75
964,812,8,718026.5
960,830,4,718164
967,827,4,718192
966,821,8,718119.75
971,816,4,718319.75
966,813,4,718029.25
968,815,8,718015.75
965,821,4,718114.5
969,817,4,718312
969,816,8,718315.75
965,823,4,718124
970,810,4,717960
971,806,8,717939.75
972,813,4,717985.25
969,809,3.89999999990687,717954.5
963,813,8,718070.5
965,801,4,717880
961,794,4,717767.75
961,784,4,717737.25
958,793,4,716477.25
961,792,4,717761.25
967,786,4,717715.75
961,788,8,717747.75
958,776,4,716566.5
952,791,4,716501.25
953,772,4,716753.25
955,772,4,716767.75
951,787,4,716314.5
948,781,4,716619.75
954,790,8,716498.5
969,789,4,717682.5
966,781,4,716909.25
953,774,8,716759.75
969,778,4,716941.25
966,788,4,717708
972,798,8,717580
957,797,4,716450.5
965,799,4,717804
960,794,4,717764
971,812,4,718005.25
969,806,3.90000000002328,717949.25
963,799,4,717808
958,796,8,716462.5
958,811,4,713017.25
963,806,4,717851.75
962,798,4,717810.5
963,791,4,717754.5
1088,500,39.4000000000233,1140026.5
1099,497,3.90000000002328,1140206.5
1095,499,3.90000000002328,1139994.5
1088,498,4,1139972
1094,497,3.89999999990687,1139991.75
1099,494,3.90000000002328,1139891.75
1096,497,4,1140201.25
1092,496,3.90000000002328,1139984
1089,503,7.90000000002328,1140030.5
1077,502,3.90000000002328,1137197.25
1081,507,4,1137292
1075,530,7.79999999993015,2008225.25
1079,510,4,1137259.75
1069,507,3.90000000002328,1137076
1072,588,7.90000000002328,2012656
1070,510,3.90000000002328,1137064
1071,522,3.89999999990687,2008635.75
1068,517,7.90000000002328,2008649.25
1067,529,3.90000000002328,2008908
1066,514,4,2008674.5
1070,517,7.80000000004657,2008653.25
1067,508,4,1137055.75
1068,511,3.89999999990687,1137061.25
1065,512,7.90000000002328,2008681.25
1065,528,3.90000000002328,2008897.25
1065,557,3.90000000002328,2007602.5
1063,515,4,2008720
1062,541,3.90000000002328,2009037.25
1068,511,3.89999999990687,1137061.25
1067,538,4,2008971.75
1068,525,3.90000000002328,2008587.75
1068,518,3.90000000002328,2008646.5
1068,538,4,2008990.5
1069,525,3.90000000002328,2008584
1069,523,4,2008630.5
1069,527,3.90000000002328,2008590.5
976,530,59.5999999999767,784556
972,529,4,784889.25
976,542,4,784636
986,543,8,784403.75
985,532,4,784499.75
977,538,4,784583.75
979,547,7.90000000002328,784138.5
998,543,4,785769.25
998,541,4,785773.25
999,541,8,785772
990,540,4,784390.5
999,535,4,785706.5
998,544,4,782998.5
1007,541,4,785836
1015,541,4,786028
1008,534,4,785980
1013,539,4,786036
1003,537,4,785798.5
997,543,4,785766.5
1002,546,4,782946.5
1001,543,3.89999999990687,785814.5
1019,542,4,786075.75
1005,549,4,782920
1006,538,4,785842.5
565,507,51.9000000000233,872566.5
569,506,4,872493.25
562,507,4,872547.75
554,510,8,873394.5
550,512,4,525332
547,523,4,525386.5
554,518,8,525522.5
553,516,4,525531.75
555,522,4,525449.25
560,514,8,525582.5
559,508,4,873381.25
559,507,4,873370.5
555,510,8,873395.75
553,508,4,873401.25
566,509,4,872519.75
566,505,4,872573.25
571,504,4,872485.25
570,505,4,872487.75
567,502,4,872579.75
571,498,4,872649.25
563,502,4,872593.25
561,506,4,872551.75
559,507,4,873370.5
563,509,4,872542.5
570,508,4,872500
563,511,4,872528
562,510,4,872530.5
564,510,4,872524
563,511,4,872528
563,510,4,872529.25
564,511,4,872527.75
566,511,4,872513.25
562,508,4,872540
564,507,4,872565.25
566,505,8,872573.25
568,504,4,872490.5
567,499,4,872634.5
573,496,8,872699.75
571,501,4,872668
572,496,4,872698.5
573,493,8,872712
567,491,4,872922.5
565,491,4,872924
574,489,8,872765.25
579,489,4,871494.5
582,491,4,871539.75
574,493,8,872711.75
566,498,4,872632
575,500,4,872687.75
568,495,8,872725.25
569,501,4,872658.5
572,503,4,872677.25
568,505,8,872491.75
576,503,4,872383.75
569,506,4,872493.25
578,508,8,872438.5
570,511,4,872507.75
569,501,4,872658.5
575,499,8,872688
578,501,4,872375.75
574,502,4,872680
574,499,8,872691.75
570,502,4,872664
575,506,4,872467.75
569,502,4,872663.75
568,500,4,872656
572,520,4,525712
570,505,8,872487.75
576,500,4,872368
571,501,4,872668
575,501,4,872684
582,497,8,872343.75
582,491,4,871539.75
576,492,4,871504
579,493,8,871516
581,496,4,872345.25
1489,548,68,1924369.25
1479,539,4,1924048
1477,538,4,1924061.25
1484,539,4,1923999.75
1481,542,4,1924029.25
1482,541,4,1924023.75
1480,540,4,1924026.5
1479,539,4,1924048
1475,535,4,1923866.5
1470,534,4,1926376
1463,537,4,1926268
1466,538,4,1926178.5
1460,541,8,1926219.75
1460,532,4,1926282.5
1453,538,4,1927069.25
1451,535,8,1927024
1445,529,4,1926968
1445,528,4,1926971.75
1442,529,8,1926919.75
1441,526,3.90000000002328,1926909.25
1439,522,4,1927483.75
1440,517,7.80000000004657,1926833.25
1437,532,4,1927393.25
1437,519,3.89999999990687,1927492
1436,515,7.90000000002328,1927519.75
1437,518,3.90000000002328,1927495.75
1437,522,3.90000000002328,1927479.75
1439,521,7.90000000002328,1927484
1440,521,3.89999999990687,1926851.75
1440,521,4,1926851.75
1441,520,3.90000000002328,1926849.25
1442,526,3.90000000002328,1926898.5
1445,530,4,1926967.75
1446,530,3.90000000002328,1926962.5
1447,531,3.90000000002328,1926960
1448,536,4,1927040
1448,536,3.89999999990687,1927040
1448,532,3.90000000002328,1927034.5
1446,546,4,1925816
1444,534,3.90000000002328,1926948
1443,538,3.90000000002328,1927139.75
1441,545,4,1925800
1441,506,3.90000000002328,1218893.25
1438,532,3.89999999990687,1927406.5
1437,532,4,1927393.25
1438,530,3.90000000002328,1927410.5
1692,536,39.4000000000233,1632304
1704,532,3.90000000002328,1633754.5
1696,536,7.90000000002328,1633600
1697,534,3.89999999990687,1633597.25
1705,532,3.90000000002328,1633755.75
1700,539,7.90000000002328,1633653.25
1702,533,3.90000000002328,1633575.75
1705,530,4,1633767.75
1700,529,7.79999999993015,1633553.25
1699,525,4,1633526.5
1701,527,3.90000000002328,1633476
