x,y,t,h
919,561,4,773308
919,563,4,773306.5
918,564,4,773254.5
917,564,4,773257.25
917,564,4,773257.25
916,565,4,773259.75
915,564,4,773279.75
914,563,4,773283.75
912,563,4,773285.25
911,563,4,773978.5
910,562,4,773976
909,563,4,773980
909,564,4,773987.75
909,565,4.09999999962747,773986.5
908,566,4,773998.5
908,566,4,773998.5
907,566,4,774003.75
909,566,4,773997.25
909,566,4,773997.25
909,567,4,773996
804,466,44,849718.5
802,467,4,849675.75
800,464,4,849664
799,463,8,850176
795,465,4,850118.5
795,465,4,850118.5
794,470,8,850136
793,476,4,849971.75
792,481,4,851267.75
790,489,8,851415.75
788,496,4,851514.5
787,501,4,851484
785,506,4,851693.25
784,508,4,851696
782,511,4.10000000009313,851713.25
782,514,4,764658.5
780,517,4,764643.75
779,519,4,764634.5
779,520,4,764453.25
779,520,4,764453.25
780,519,4,764645.25
781,518,4,764647.75
781,516,4,764641.25
782,513,4,764669.25
781,511,4,851726.5
782,508,4,851718.5
780,503,4,851781.25
780,501,4,851785.25
778,497,4,851815.75
776,494,4,851092
774,492,4,851054.5
773,491,8,851060
319,490,48,194969.25
318,491,4,194971.75
318,492,4,194980
317,493,8,194978.5
315,500,4,195189.25
315,501,4,195188
312,504,8,195200
310,506,4,195282.5
307,508,4,195317.25
304,508,8,195312
301,506,4,195383.75
298,503,4,195451.75
295,502,8,195457.25
292,502,4,195462.5
292,501,4,195465.25
291,501,8,195510.5
290,501,4,195511.75
290,502,4,195512
291,502,8,195513.25
291,503,4,195514.5
293,502,4,195463.75
294,502,4,195458.5
294,500,4,195468
295,499,4,195472
296,499,8,195439.75
295,497,4,195476
295,494,4,194667.75
294,490,4,194674.5
292,489,8,194681.25
292,487,3.89999999990687,194607.75
212,504,43.3000000002794,200410.5
209,507,3.89999999990687,200430.5
205,509,4,200456
202,511,3.89999999990687,200467.75
200,511,3.89999999990687,200469.25
198,511,4,200683.75
195,510,3.90000000037253,200691.75
192,509,3.89999999990687,200699.75
190,508,4,200716
189,505,3.89999999990687,200728
187,503,3.89999999990687,200922.5
186,501,4,200925.25
184,498,3.89999999990687,200910.5
181,493,3.90000000037253,201186.5
178,487,4,201147.75
176,484,3.89999999990687,201136
172,481,3.89999999990687,201307.75
171,474,4,204169.25
170,470,3.89999999990687,204242.5
168,466,3.89999999990687,204262.5
167,462,4,203969.25
164,461,3.90000000037253,203977.25
161,458,3.89999999990687,204013.25
158,457,4,203709.25
155,456,3.89999999990687,203653.25
154,456,4,203652
153,456,7.79999999981374,203651.75
153,456,4,203651.75
152,457,3.90000000037253,203649.25
153,461,7.89999999990687,203666.5
155,463,3.89999999990687,203674.5
154,466,3.89999999990687,202850.5
160,469,7.89999999990687,204091.75
162,472,3.90000000037253,204100
166,1010,55.2999999998137,366872
169,1006,4,366781.25
170,1005,4,366775.75
172,1007,4,366767.75
172,1005,4,366753.25
174,1005,4,366759.75
175,1004,4,366757.25
175,1006,4,366761.25
174,1006,4,366760
172,1004,4,366752
171,1000,4,366735.75
173,998,4,366701.25
171,997,4,366708
170,996,4,366710.5
168,993,4,366659.75
169,991,8,367932
167,988,4,367941.25
167,986,4,367995.75
167,984,8,367999.75
166,985,4,367997.25
167,985,4,367996
167,988,7.89999999990687,367941.25
167,988,4,367941.25
168,987,4,367919.75
168,987,8,367919.75
170,990,4,367928
170,990,4,367928
172,990,8,367878.5
174,990,4,367874.5
176,990,4,367868
178,988,8,367862.5
179,987,4,367818.5
182,985,4,367831.75
181,984,4,367827.75
182,985,4,367831.75
184,986,4,367654.5
184,986,4,367654.5
185,987,4,367652
185,992,4,367555.75
186,995,4,367563.75
189,997,4,367586.5
190,1000,4,367382.5
193,1002,4,369901.25
194,1005,4,369911.75
197,1007,4,369860
197,1009,4,369938.5
198,1010,4,369944
199,1011,4,369946.5
201,1012,4,370139.75
201,1011,4,370148
201,1010,4,370151.75
199,1009,4,369942.5
198,1009,8,369943.75
197,1008,4,369939.75
197,1008,4,369939.75
197,1008,8,369939.75
196,1007,4,369861.25
195,1007,4,369914.5
194,1008,8,369934.5
193,1008,4,369921.25
192,1013,4,369979.75
191,1013,8,367300
190,1017,4,367293.25
190,1016,4,367292
190,1019,8,367283.75
191,1019,4,367280
191,1021,4,367276
191,1022,8,367275.75
192,1023,4,370005.25
193,1024,4,3824297.25
194,1025,4,3824295.75
195,1025,4,3824292
196,1026,4,3824284
199,1025,4,3824276
200,1026,4,3824236
201,1026,4,3824237.25
202,1026,4,3824226.5
201,1028,4,3824243.75
196,1030,4,3824262.5
192,1031,4,3824319.75
187,1031,4,3827066.5
189,1033,4,3826994.5
183,1033,4,3827158.5
183,1034,4,3827161.25
177,1034,4,3827143.75
178,1034,4,3827144
174,1034,4,3827256
172,1034,4,3827252
171,1032,4,3827247.75
172,1030,8,3827270.5
174,1029,4,3827277.25
176,1028,4,3827120
177,1024,8,3827113.25
179,1023,4,367194.5
180,1020,4,367200
184,1017,8,367233.25
186,1015,4,367315.75
188,1015,4,367311.75
190,1013,8,367303.75
191,1012,4,367301.25
193,1011,3.89999999990687,369926.5
193,1012,8,369977.25
193,1013,4,369976
194,1015,4,369969.25
194,1017,4,369991.75
194,1020,4,370014.5
193,1021,4,370002.5
195,1023,4,370010.5
196,1022,8,370020
197,1023,4,370022.5
196,1021,4,370019.75
196,1018,4,370038.5
192,1014,4,369980
193,1009,4,369922.5
192,1007,4,369919.75
190,1006,4,367362.5
189,1003,4,367390.5
188,1001,4,367387.75
184,999,4,367573.25
181,998,4,367501.25
176,998,4,367510.5
174,997,4,366695.75
169,998,4,366717.25
164,997,8,366627.75
162,997,4,366621.25
159,998,4,366571.75
158,995,4,366579.75
156,995,3.90000000037253,366581.25
154,992,4,366532
153,990,4,365245.25
151,988,8,365263.75
151,986,4,365267.75
150,985,4,365271.75
150,985,8,365271.75
151,985,4,365268
152,984,4,365184
153,986,8,365191.75
154,988,4,365238.5
154,989,4,365239.75
155,994,8,366537.25
158,993,4,366589.25
161,994,4,366605.25
164,996,4,366624
167,995,4,366640
170,995,4,366665.25
173,993,4,366674.5
176,993,4,367529.25
179,989,3.89999999990687,367860
181,986,3.89999999990687,367837.25
184,982,4,367742.5
187,978,3.89999999990687,367715.75
189,974,3.89999999990687,368551.75
190,973,4,368557.25
192,971,3.90000000037253,368719.75
194,971,3.89999999990687,368715.75
196,971,4,368757.25
197,974,3.89999999990687,368743.75
198,974,3.89999999990687,368744
195,976,3.89999999990687,369573.25
193,976,4,369577.25
193,975,3.90000000037253,368726.5
191,976,7.89999999990687,367701.25
189,976,3.89999999990687,367705.25
187,976,3.89999999990687,367717.25
186,977,7.89999999990687,367719.75
182,976,3.90000000037253,367766.5
180,975,4,368485.25
177,973,7.79999999981374,368466.5
173,974,3.89999999990687,368135.75
172,974,4,368134.5
169,975,7.8000000002794,368188
166,975,4,368193.25
163,977,3.89999999990687,368046.5
159,978,7.89999999990687,365145.25
157,978,3.89999999990687,365149.25
154,978,3.89999999990687,365128
153,980,7.90000000037253,365177.25
151,981,3.89999999990687,365100
149,981,3.89999999990687,365090.5
149,981,4,365090.5
148,981,3.89999999990687,365091.75
148,981,3.89999999990687,365091.75
148,982,4,365092
148,982,3.90000000037253,365092
149,982,3.89999999990687,365095.75
149,983,3.89999999990687,365094.5
149,984,4,365273.25
149,983,3.89999999990687,365094.5
149,983,3.89999999990687,365094.5
149,983,4,365094.5
149,983,3.90000000037253,365094.5
149,985,3.89999999990687,365272
147,985,4,365284
146,985,3.89999999990687,365287.75
145,983,3.89999999990687,365078.5
143,981,3.89999999990687,365390.5
141,978,4,365405.25
141,979,4,365406.5
140,977,8,365403.75
139,976,4,365413.25
140,977,4,365403.75
139,976,8,365413.25
138,974,4,364696
138,974,4,364696
137,973,7.90000000037253,364690.5
138,974,4,364696
140,977,4,365403.75
144,975,8,365055.75
146,973,4,365047.75
150,971,4,365009.25
154,970,8,364936
154,969,4,364941.25
157,966,4,364909.25
159,966,4,364905.25
159,961,4,364886.5
161,957,4,363512
163,954,4,363467.75
165,953,4,363474.5
164,953,4,363473.25
162,953,4,363469.25
164,955,4,363487.75
164,956,4,363488
168,958,4,363286.5
170,960,4,368324
174,961,4,368381.25
177,964,4,368441.25
181,966,4,368429.25
184,968,4,368512
185,970,4,368525.25
188,970,4,368566.5
191,970,4,368561.25
192,970,4,368718.5
194,969,8,368711.75
191,968,4,368575.75
193,967,4,368702.5
193,968,8,368707.75
191,970,4,368561.25
191,976,4,367701.25
190,977,8,367703.75
189,979,4,367710.5
187,981,4,367734.5
186,982,8,367736
184,983,4,367743.75
182,980,4,367756
183,981,8,367758.5
180,978,4,367772
179,973,4,368476
176,974,8,368468
173,968,4,368153.25
167,970,4,368251.75
162,968,4,368236
159,968,4,364949.25
156,968,4,364944
152,969,4,364931.75
150,973,4,365005.25
149,975,4,364996
147,977,4,365062.5
149,979,4,365108
148,979,4,365109.25
146,981,4,365085.25
147,979,4,365066.5
148,981,4,365091.75
150,981,4,365101.25
151,983,4,365098.5
153,983,4,365182.5
155,983,4,365168
158,984,4,365204
160,983,4,368021.25
160,986,4,367974.5
162,987,8,367971.75
165,987,4,367990.5
166,989,4,367943.75
170,988,8,367924
171,987,4,367904
172,986,4,367900
172,987,8,367903.75
171,988,4,367925.25
169,990,4,367933.25
165,990,8,367949.25
159,993,4,366590.5
156,994,4,366582.5
149,993,8,366514.5
142,993,4,365655.75
141,993,4,365650.5
140,993,8,365649.25
137,994,4,365639.75
140,992,4,365648
139,990,8,365329.25
142,989,4,365319.75
149,987,4,365278.5
153,985,4,365186.5
163,983,4,368016
165,982,4,368013.25
170,979,4,368075.75
173,978,8,368119.75
177,975,4,368470.5
180,973,4,368483.75
180,972,4,368480
181,970,3.89999999990687,368503.75
182,969,3.89999999990687,368509.25
181,967,4,368428
181,966,3.89999999990687,368429.25
178,964,3.89999999990687,368438.5
177,963,3.90000000037253,368390.5
174,962,4,368370.5
171,963,7.79999999981374,368330.5
168,965,4,368339.75
166,967,3.89999999990687,368257.25
166,970,7.89999999990687,368248
166,971,3.90000000037253,368249.25
166,971,3.89999999990687,368249.25
168,973,3.89999999990687,368177.25
169,974,4,368189.25
172,975,3.89999999990687,368133.25
176,975,3.89999999990687,368469.25
178,977,7.90000000037253,367783.75
182,975,3.89999999990687,368489.25
187,972,3.89999999990687,368543.75
186,969,7.89999999990687,368519.75
181,967,3.89999999990687,368428
177,968,3.90000000037253,368451.75
172,969,3.89999999990687,368155.75
173,968,4,368153.25
167,967,3.89999999990687,368256
164,967,3.89999999990687,368271.75
160,968,3.89999999990687,368234.5
158,970,4,364952
156,971,3.90000000037253,364959.75
155,973,3.89999999990687,364980
154,975,3.89999999990687,364977.25
156,976,4,365136
158,977,3.89999999990687,365143.75
159,977,3.89999999990687,365142.5
160,978,3.90000000037253,368038.5
162,979,4,368035.75
163,981,3.89999999990687,368030.5
164,981,3.89999999990687,368011.75
165,982,3.89999999990687,368013.25
166,983,4,368001.25
165,984,3.89999999990687,367985.25
165,985,7.8000000002794,367986.5
164,985,4,367987.75
165,986,3.89999999990687,367991.75
165,987,7.79999999981374,367990.5
165,987,4,367990.5
165,989,3.90000000037253,367944
166,990,7.79999999981374,367938.5
166,991,4,367937.25
167,991,4,367936
167,992,8,366655.75
166,993,4,366653.25
166,994,4,366642.5
165,996,8,366625.25
164,997,4,366627.75
1492,909,79.8999999999069,1841633.25
1494,907,4,1841627.75
1497,900,4,1841523.75
1500,899,4,1841503.75
1496,896,4,1841514.5
1497,894,8,1894039.75
1497,893,4,1894034.5
1498,893,4,1894045.25
1496,893,8,1894035.75
1494,893,4,1893997.25
1496,893,4,1894035.75
1495,892,8,1893999.75
1495,892,4,1893999.75
1493,892,4,1893985.25
1493,890,8,1894007.75
1494,888,4,1894012
1494,887,4,1893931.75
1496,883,8,1894117.25
1495,881,4,1893910.5
1495,880,4,1893909.25
1496,878,8,1894206.5
1495,878,4,1894211.75
1493,878,4,1894221.25
1491,877,4,1894238.5
1489,878,4,1894231.75
1487,880,4,1893887.75
1484,881,4.10000000009313,1893875.75
1484,882,4,1893876
1482,884,4,1893852
1483,886,4,1893841.25
1482,888,4,1893764
1479,889,4,1893758.5
1479,889,4,1893758.5
1481,889,4,1893762.5
1480,890,4,1893774.5
1480,889,4,1893761.25
1479,889,4,1893758.5
1479,889,4,1893758.5
1476,888,4,1893754.5
1475,887,4,1893680
1473,886,4,1893693.25
1473,884,4,1893689.25
1472,884,8,1893690.5
1468,884,4,1891018.5
1468,883,4,1891061.25
1468,882,8,1891060
1468,881,4,1891059.75
1470,880,4,1891070.5
1470,879,8,1891075.75
1471,878,4,1891073.25
1471,876,4,1891087.75
1474,876,8.10000000009313,1893620
1312,721,48,1963777.25
1303,720,4,1964223.75
1310,716,4,1964294.5
1304,713,4,1964329.25
1302,709,4,1964429.25
1301,706,4,1964445.25
1301,704,4,1964441.25
1302,704,4,1964438.5
1306,704,4,1964390.5
1310,704,4,1964374.5
1312,704,4,1963690.5
1315,704,4,1963685.25
1320,705,4,1963627.75
1322,707,4,1963617.25
1325,708,8,1963595.75
1328,711,4,1963455.75
1330,711,4,1963451.75
1331,714,8.10000000009313,1963467.75
1333,715,4,1963484
1332,717,4,1963489.25
1333,719,7.89999999990687,1963500
1333,720,4,1963185.25
1332,720,4,1963184
1329,722,8,1963175.75
1325,722,4,1963869.25
1321,723,4,1963846.5
1316,724,8,1963808
1314,726,4,1963800
1310,727,4,1964265.25
1307,728,8,1964069.25
1305,727,4,1964246.5
1617,195,60,1335564
1619,189,4,1340660
1618,185,4,1340621.25
1618,182,8,1340600
1614,181,4,1340909.25
1613,181,4,1340898.5
1611,183,8,1340890.5
1606,182,4,1340802.5
1601,183,4,1340820
1599,185,8,1329814.5
1597,184,4,1329811.75
1598,185,4,1329815.75
1595,185,7.89999999990687,1329804
1595,187,4,1329802.5
1594,189,4,1329847.75
1594,190,8,1329842.5
1595,191,4,1329840
1596,190,4,1329838.5
1597,190,4,1329837.25
1598,190,4,1329832
1599,190,4,1329833.25
1599,191,4,1329834.5
1599,193,3.89999999990687,1335292
1599,197,3.89999999990687,1335236
1600,200,4,1335360
1600,204,3.90000000037253,1335376
1601,212,3.89999999990687,1336243.75
1603,215,4,1336250.5
1605,221,3.89999999990687,1336290.5
1608,227,4,1336389.25
1611,228,3.89999999990687,1336437.25
1615,231,3.89999999990687,1336426.5
1617,234,4,1337191.75
1619,236,3.90000000037253,1337183.75
1622,236,3.89999999990687,1337158.5
1626,237,4,1337143.75
1628,239,3.89999999990687,1337093.25
1631,238,3.89999999990687,1337089.25
1633,237,4,1337586.5
1635,235,3.89999999990687,1337568
1637,233,3.90000000037253,1337560
1639,230,4,1337387.75
1640,228,3.89999999990687,1337466.5
1642,225,4,1337421.25
1644,221,3.89999999990687,1338633.25
1645,220,7.89999999990687,1338635.75
1646,219,3.89999999990687,1338641.25
1648,215,3.90000000037253,1338559.75
1648,215,7.89999999990687,1338559.75
1648,216,3.89999999990687,1338560
1649,216,4,1338561.25
1648,216,7.89999999990687,1338560
1648,218,3.89999999990687,1338564
1647,218,3.90000000037253,1338643.75
1644,222,7.89999999990687,1338630.5
1644,102,27.6000000000931,1321164
1642,105,3.89999999990687,1321095.75
1639,110,4,1321067.75
1638,107,3.89999999990687,1321075.75
1634,106,3.89999999990687,1321032
1635,109,4,1321052
1633,110,3.89999999990687,1321047.75
1630,110,4,1322242.5
1628,110,3.90000000037253,1322252
1626,114,3.89999999990687,1322184
1624,116,4,1322192
1624,118,4,1322196
1624,119,4,1322197.25
1626,119,4,1322201.25
1627,121,3.89999999990687,1322020
1630,122,4,1322002.5
1632,124,4,1321978.5
1635,125,4,1321972
1639,126,4,1321961.25
1643,127,8,1321744
1646,128,4,1342548
1648,127,4,1321727.75
1652,127,8,1321669.25
1655,125,4,1321678.5
1656,124,4,1321658.5
1657,121,7.89999999990687,1321602.5
1659,118,4,1321587.75
1757,539,48,1634972
1757,537,3.89999999990687,1634962.5
1764,534,4,1637772
1765,535,4,1637774.5
1766,538,4,1637752
1769,539,4,1637678.5
1771,541,4,1637686.5
1772,541,4,1637641.25
1772,542,4,1637638.5
1772,542,4,1637638.5
1771,543,4,1637690.5
1768,544,4,1636416
1767,546,4,1636401.25
1765,549,4,1636386.5
1763,551,4,1636378.5
1762,553,3.90000000037253,1636583.75
1760,556,4,1636592
1758,559,4,1636099.75
1756,561,4,1636083.75
1754,565,4,1636061.25
1753,569,4,1635970.5
1752,571,8,1635983.75
1754,574,4,1635992
1755,576,4,1624421.25
1757,578,8,1624413.25
1759,581,4,1624398.5
1760,583,4,1623743.75
1763,584,8,1623759.75
1767,585,4,1623766.5
1770,584,4,1623596
1774,584,8,1623614.5
1777,582,4,1623485.25
1780,580,4,1623434.5
1782,578,8,1623442.5
1784,577,4,1623403.75
1785,575,4,1637014.5
1785,572,4,1637009.25
1786,567,4,1637075.75
1786,565,4,1637085.25
1784,562,3.89999999990687,1637094.5
1783,561,4,1636886.5
1779,558,4,1637201.25
1778,556,4,1637212
1776,556,4,1637210.5
1775,554,4,1636505.25
1773,554,4,1636509.25
1771,548,4,1636469.25
1771,543,4,1637690.5
1769,533,4,1637842.5
1770,523,4,1637921.25
1768,521,4,1637931.75
1768,519,4,1638101.25
1768,517,4,1638099.75
1767,516,4,1638021.25
1767,514,4,1638075.75
1764,509,8,1507659.75
1763,507,4,1507680
1760,504,4,1507690.5
1757,500,8,1511011.75
1755,500,4,1511029.25
1752,497,4,1510979.75
1749,494,8,1510855.75
1746,490,4,1510882.5
1744,486,4,1510676
1740,482,8,1510644
1737,477,4,1510328
1736,474,4,1510276
1734,470,8,1510184
1733,468,4,1510177.25
796,115,76,999007.75
790,113,4,998973.25
786,110,4,998904
785,109,8,998898.5
782,108,4,998574.5
782,105,4,998589.25
779,102,4,998609.25
778,100,4,998620
776,100,4,998618.5
776,99,8,998629.25
773,98,4,998429.25
771,98,4,998411.75
770,97,8,998413.25
768,96,4,998400
766,95,4,977921.25
765,95,8,977934.5
765,95,4,977934.5
765,94,4,977933.25
764,93,8,977931.75
763,93,4,977950.5
762,93,4,977949.25
762,93,8,977949.25
762,92,4,977948
762,92,4,977948
762,93,4,977949.25
761,94,4,977943.75
760,94,4.10000000009313,977942.5
758,94,4,978152
757,95,4,978156
755,93,4,978164
754,93,4,978167.75
753,92,4,978169.25
751,91,4,978192
750,90,4,978194.5
748,89,4,978203.75
748,87,4,978405.25
748,84,4,978400
748,81,4,978425.25
749,77,4,978440
748,73,4.09999999962747,978459.75
743,69,4,978564
732,66,4,975198.5
720,64,4,975104
719,60,8,980239.75
714,56,4,980262.5
704,54,4,980374.5
696,51,8,969285.25
692,49,4,969273.25
689,48,4,969219.75
685,47,8,968870.5
681,46,4,968855.75
678,46,4,968808
678,46,8,968808
678,46,4,968808
676,47,4,968805.25
675,48,8,969637.25
675,50,4,969635.75
677,51,4,969630.5
677,53,4.10000000009313,969608
678,56,4,969684
680,57,4,969513.25
681,59,4,969508
683,62,4,969489.25
684,63,4,969487.75
686,65,4,974589.25
688,66,4,974596
689,67,4,974598.5
690,68,4,974646.5
691,68,4,974645.25
691,68,4,974645.25
691,67,4,974602.5
204,62,48,62884
196,61,4,62819.75
192,59,4,62799.75
192,56,8,62784
193,57,4,62786.5
193,56,4,62787.75
192,56,8,62784
189,55,4.10000000009313,57574.5
187,58,4,57379.75
186,59,8,57377.25
188,60,4,57354.5
187,62,4,57401.25
187,62,7.89999999990687,57401.25
186,64,4,57284
186,66,4,57288
186,66,4,57288
186,67,4,57291.75
187,67,4,57290.5
187,66,4,57289.25
188,66,4,57334.5
188,64,4,57338.5
190,63,4,57347.75
191,63,4,57344
193,63,4,62806.5
194,62,3.89999999990687,62808
196,60,4,62816
197,60,4,62817.25
199,59,4,62832
201,59,4,62860
201,59,4,62860
201,58,4,62861.25
202,58,4,62856
201,57,4,62850.5
200,55,4,62933.25
200,54,7.90000000037253,62934.5
200,54,4,62934.5
199,54,4,62761.25
199,53,8,62758.5
198,53,4,62759.75
197,52,4,62755.75
198,51,8,62747.75
199,50,4,62745.25
199,50,4,62745.25
200,49,7.89999999990687,62953.25
201,49,4,62952
201,50,4,62951.75
201,50,8,62951.75
202,49,4,62957.25
201,49,4,62952
200,48,8,62954.5
196,47,4,62661.25
193,46,4,62717.25
191,47,7.89999999990687,57600
190,49,4,57597.25
236,187,177.700000000186,45983.75
246,186,3.89999999990687,45176
243,191,3.89999999990687,45136
246,196,4,44836
249,199,3.89999999990687,45012
250,200,4,44932
252,206,3.89999999990687,44964
253,211,3.90000000037253,44126.5
254,214,4,44098.5
255,218,3.89999999990687,44091.75
251,222,3.89999999990687,44049.25
252,223,4,44047.75
249,226,3.89999999990687,43981.25
250,228,3.89999999990687,43998.5
251,229,4,43996
251,228,3.90000000037253,43999.75
252,228,7.89999999990687,44000
253,226,3.89999999990687,44023.75
255,226,4,44017.25
255,224,7.79999999981374,44031.75
254,223,4,44033.25
254,222,3.90000000037253,44034.5
255,221,8,44036
255,220,4,44037.25
254,218,4,44088
252,216,8,44080
251,216,4,44079.75
249,214,4,44157.25
242,452,36,198068
240,439,4,211519.75
236,429,4,211105.25
232,428,4,211130.5
230,435,4,211227.75
229,438,4,211245.25
226,441,4,211271.75
221,440,4,210619.75
217,442,4,210573.25
214,442,4,210546.5
213,442,4,210551.75
210,444,4,210526.5
210,448,4,199078.5
211,452,4,199093.25
211,456,4,199119.75
212,459,8,199135.75
214,465,4,198845.25
214,467,4,198841.25
218,472,8,198694.5
219,476,4,198709.25
223,478,4,198657.25
229,481,8,197298.5
234,482,4,197320
236,483,4,197365.25
238,483,8,197363.75
238,483,4,197363.75
240,483,4,197381.25
238,481,8,197373.25
241,480,4,197377.25
243,478,4,197713.25
243,477,8,197726.5
241,475,4,197732
241,473,4,197736
237,472,4,198547.75
237,471,4,198508
235,470,4,198515.75
233,469,3.89999999990687,198520
234,469,4,198519.75
234,470,4,198514.5
232,469,4,198523.75
230,469,4,198445.25
229,468,4,198433.25
229,467,4,198452
229,466,4,198455.75
229,466,4,198455.75
230,465,4,198461.25
232,464,4,198464
234,463,4,198163.75
235,462,4,198161.25
237,461,4,198152
240,461,4,198139.75
242,461,4,198135.75
244,461,8,198113.25
246,462,4,198120
236,423,28,211055.75
233,416,4,211009.25
231,407,4,212352
225,402,8,212391.75
221,398,4,209325.25
218,393,4,209293.25
214,391,8,209193.25
209,390,4,209175.75
208,387,4,209167.75
206,384,4,209150.5
202,383,4,214331.75
199,380,4,214341.25
197,377,4,214386.5
