x,y,t,h
945,527,3.90000000037253,771580
946,528,4,771588
947,528,7.80000000074506,771589.25
946,527,4,771579.75
948,525,3.89999999850988,771529.25
949,523,7.90000000037253,771550.5
951,521,3.90000000037253,771540
953,517,4,771448
954,516,7.80000000074506,771446.5
955,515,4,771402.5
956,514,3.89999999850988,771422.5
955,516,7.90000000037253,771445.25
954,517,3.90000000037253,771447.75
954,518,3.90000000037253,771442.5
953,521,4,771458.5
951,522,3.90000000037253,771539.75
949,525,3.89999999850988,771528
946,527,4,771579.75
944,529,4,771585.25
941,531,4,771934.5
940,532,4,771914.5
938,533,4,771959.75
937,532,4,771955.75
937,533,4,771954.5
936,533,3.90000000037253,771953.25
937,532,4,771955.75
938,532,4,771956
940,531,4,771935.75
943,528,4,771925.25
946,526,4,771576
949,523,4,771550.5
954,521,4,771469.25
957,519,4,771436
961,516,8,785051.75
963,514,4,785057.25
965,511,4,790508
967,508,8,790501.25
968,506,4,790310.5
966,505,4,790487.75
962,506,8,790472
960,508,4,790522.5
957,514,4,771421.25
958,523,7.90000000037253,771483.75
957,531,4,771676
955,536,4,771727.75
954,541,8,771767.75
953,544,4,772417.25
953,549,4,772472
952,553,8,772483.75
953,554,4,772487.75
954,556,4,772534.5
819,499,39.9000000003725,848032
821,495,4,848742.5
822,493,4,848749.25
821,491,4,848756
819,488,4,848709.25
818,489,4,848711.75
816,489,4,848705.25
815,486,4,848619.75
816,484,4,848698.5
816,482,4,848644
817,477,8,848984
817,473,4,849000
817,470,4,849047.75
816,468,8,849050.5
816,466,4,849062.5
814,464,4,849748
812,464,8,849744
811,466,3.90000000037253,849739.75
810,469,4,849783.75
809,473,8,849794.5
807,475,4,849872
806,479,4,849859.75
806,482,8,848568
804,484,4,848522.5
804,486,4,848524
802,489,4,848493.25
801,491,4,848484
801,493,4,848472
800,493,4,848473.25
799,493,4,851366.5
798,493,4,851367.75
797,492,4,851363.75
795,491,4,851338.5
793,490,4,851335.75
790,488,4,851414.5
789,486,4,851239.75
787,483,4,851210.5
784,481,4,851201.25
781,478,4,850861.25
779,475,4,850826.5
776,472,4,850816
775,468,4,850735.75
774,465,4,850749.25
775,463,4,850666.5
776,461,8,850457.25
776,459,4,850469.25
776,457,4,850473.25
777,456,8,850475.75
778,455,3.89999999850988,850555.75
778,455,4,850555.75
777,454,8,850557.25
779,455,4,850554.5
778,457,4,850477.25
778,459,8,850467.75
779,461,4,850462.5
778,463,4,850451.75
777,466,8,850759.75
777,467,4,850758.5
777,469,4,850808
778,470,8,850802.5
778,470,4,850802.5
446,508,60,176134.5
444,514,4,509278.5
437,519,3.90000000037253,509222.5
438,521,4,509399.75
432,523,4,509423.75
428,518,4,509132
426,507,8,176417.25
426,505,4,176423.75
426,497,4,176583.75
426,497,4,176583.75
427,495,8,176698.5
425,493,4,176690.5
424,492,4,176688
421,503,8,176526.5
420,502,4,176524
420,508,4,176458.5
423,512,8,508949.25
424,511,4,176447.75
423,514,4,508953.25
423,512,8,508949.25
422,513,4,508951.75
423,513,4,508950.5
423,512,4,508949.25
422,514,4,508952
423,511,4,176448
424,509,4,176433.25
424,506,4,176428
423,507,4,176506.5
422,508,4,176454.5
422,510,4,176450.5
421,516,4,508963.75
421,524,4,509025.25
419,526,4,509019.75
419,531,3.90000000037253,509856
419,535,4,509882.5
419,539,4,509898.5
417,542,4,509949.25
417,545,4,509954.5
418,545,3.90000000037253,509965.25
419,547,3.90000000037253,509962.5
419,548,4,510005.25
420,547,3.89999999850988,509983.75
421,546,3.90000000037253,509981.25
299,522,35.4000000003725,502923.75
306,515,4,503715.75
306,511,7.80000000074506,195323.75
304,506,4,195308
304,503,3.89999999850988,195093.25
303,502,7.90000000037253,195393.25
302,502,3.90000000037253,195394.5
304,504,3.90000000037253,195306.5
304,506,7.90000000037253,195308
303,509,3.89999999850988,195332
303,513,4,502870.5
301,514,7.80000000074506,502877.25
300,510,4,195340
298,508,3.90000000037253,195356
298,504,3.90000000037253,195372
297,502,4,195453.25
296,498,3.89999999850988,195436
295,495,3.90000000037253,194666.5
293,495,4,194662.5
291,497,3.90000000037253,195492
291,500,3.90000000037253,195509.25
292,506,4,195550.5
292,507,3.90000000037253,195551.75
293,508,3.89999999850988,195555.75
292,513,4,502841.25
293,515,3.90000000037253,502836
295,514,3.90000000037253,502833.25
295,515,4,502832
296,515,3.90000000037253,502853.25
298,516,4,502902.5
300,513,3.90000000037253,502865.25
302,509,3.89999999850988,195335.75
303,507,4,195386.5
304,504,7.80000000074506,195306.5
280,871,55.6999999992549,408959.75
274,876,8,409076
270,880,4,409430.5
271,883,4,409424
267,884,4,409461.25
271,885,4,409422.5
270,886,4,409410.5
276,883,4,409141.25
274,881,4,409095.75
289,882,4,405927.75
295,884,4,405893.25
301,886,4,405991.75
308,886,4,405638.5
311,885,4,405646.5
316,883,4,405599.75
317,881,4,405592
319,878,4,406443.75
322,873,4,405197.25
324,870,4,405126.5
326,870,4,405122.5
324,871,4,405125.25
324,875,4,405215.75
323,875,4,405194.5
322,883,8,405259.75
321,889,4,405480
321,904,4,424555.75
322,913,8,424365.25
323,921,4,424302.5
324,925,4,424267.75
324,929,8,423603.75
325,930,4,423607.75
327,933,4,423556
330,927,8,424251.75
334,927,4,424195.75
337,921,4,424130.5
342,907,8,424819.75
344,900,4,424922.5
345,899,4,424932
344,894,8,404542.5
346,890,4,404514.5
345,890,4,404525.25
345,888,4,404521.25
343,885,4,404612
343,883,4,404666.5
343,881,4,404668
342,879,4,404971.75
341,878,4,404973.25
340,877,4,404961.25
340,876,4,404960
341,877,4,404962.5
342,878,4,404968
341,879,4,404972
341,881,4,404658.5
298,955,44,412451.75
298,948,8,412532
295,949,4,412558.5
291,947,4,412576
291,946,8,412579.75
292,942,4,411748
291,937,4,411718.5
292,932,8,411680
293,927,4,411628
298,923,4,411427.75
302,922,8,411448
305,920,4,411369.25
1683,374,84.1000000014901,1539217.25
1692,365,7.79999999888241,1539339.75
1700,359,3.90000000037253,1538095.75
1704,345,4,1537833.25
1701,341,3.90000000037253,1537928
1705,334,3.90000000037253,1537175.75
1703,332,4,1537135.75
1704,328,3.89999999850988,1537152
1707,325,7.80000000074506,1537246.5
1709,322,4,1537271.75
1710,319,3.90000000037253,1532163.75
1712,318,7.90000000037253,1532156
1712,318,3.89999999850988,1532156
1711,318,3.90000000037253,1532161.25
1711,322,7.90000000037253,1537275.75
1711,324,3.90000000037253,1537221.25
1711,327,3.90000000037253,1537216
1712,331,7.89999999850988,1537519.75
1714,332,3.90000000037253,1537524
1715,335,4,1537530.5
1716,339,3.90000000037253,1537589.25
1718,342,3.90000000037253,1537576
1719,344,3.90000000037253,1537749.25
1720,346,4,1537668
1720,346,3.89999999850988,1537668
1720,345,3.90000000037253,1537667.75
1721,345,4,1537666.5
1720,344,3.90000000037253,1537664
1719,342,3.90000000037253,1537579.75
1718,340,3.90000000037253,1537582.5
1717,337,4,1537592
1716,334,3.89999999850988,1537478.5
1714,332,3.90000000037253,1537524
1714,329,4,1537511.75
1714,327,3.90000000037253,1537305.25
1714,325,3.90000000037253,1537309.25
1715,324,3.90000000037253,1537311.75
1714,322,4,1537288
1714,322,3.89999999850988,1537288
1715,322,7.90000000037253,1537289.25
1715,321,3.90000000037253,1537286.5
1715,321,3.90000000037253,1537286.5
1716,322,7.90000000037253,1537334.5
1716,322,3.89999999850988,1537334.5
1716,323,3.90000000037253,1537333.25
1716,327,7.90000000037253,1537317.25
1716,330,3.90000000037253,1537500
1717,332,3.90000000037253,1537483.75
1718,335,7.89999999850988,1537475.75
1720,337,3.90000000037253,1537603.75
1721,342,3.90000000037253,1537661.25
1723,343,8,1537648
1724,344,4,1537680
1728,343,4,1526165.25
1730,342,8,1526162.5
1731,342,4,1526161.25
1733,339,4,1526198.5
1736,337,4,1526209.25
1736,334,4,1526334.5
1738,332,4.09999999962747,1526324
1741,332,4,1526283.75
1743,332,4,1526287.75
1748,332,4,1526624
1753,333,4,1526674.5
1755,335,4,1526682.5
1756,338,4,1525852
1760,339,4,1527045.25
1762,343,4,1527089.25
1764,345,4,1527161.25
1766,347,4,1527155.75
1766,348,4,1527150.5
1766,349,4,1527149.25
1767,350,4,1527147.75
1766,350,4,1527144
1763,350,4,1527131.75
1760,350,4,1527124
1759,350,8,1525763.75
1757,350,4,1525773.25
1757,349,4,1525768
1755,349,8,1525790.5
1754,349,4,1525789.25
1753,349,4,1525784
1753,350,8,1525783.75
1751,349,4,1525990.5
1750,349,4,1525991.75
1751,350,8,1525993.25
1752,350,4,1525782.5
1753,351,4,1525780
1754,351,8,1525779.75
1754,352,4,1525740
1755,353,4,1525742.5
1756,353,4,1525747.75
1757,353,4,1525746.5
1758,354,4,1525752
1760,354,4,1524396
1761,355,4,1524398.5
1761,353,4,1524392
1762,352,4,1524390.5
1762,352,4,1524390.5
1762,351,4,1527129.25
1762,351,4,1527129.25
1761,350,4,1527127.75
1761,350,4,1527127.75
1759,351,4,1525760
1758,350,4,1525762.5
1758,350,4,1525762.5
1758,350,4,1525762.5
1760,350,4,1527124
1760,349,4,1527123.75
1759,349,4,1525764
1760,349,8,1527123.75
1760,347,4,1527119.75
1763,346,4,1527113.25
1763,346,8,1527113.25
1764,344,4,1527162.5
1766,343,4,1527083.75
1766,344,8.09999999962747,1527164
1764,342,4,1527086.5
1762,343,4,1527089.25
1761,344,8,1527107.75
1760,341,4,1527099.75
1757,341,4,1525832
1755,340,8,1525877.25
1754,340,4,1525876
1753,339,4,1525870.5
1752,339,8,1525871.75
1752,339,4,1525871.75
1752,339,4,1525871.75
1754,340,4,1525876
1756,343,4,1525829.25
1758,344,4,1525822.5
1758,347,4,1525817.25
1761,350,4,1527127.75
1762,352,4,1524390.5
1763,351,4,1527130.5
1763,355,4,1524384
1763,356,4,1524405.25
1762,358,4,1524408
1761,358,4,1524413.25
1759,358,4,1525699.75
1759,358,4,1525699.75
1757,357,4,1525704
1757,356,4,1525705.25
1757,354,4,1525751.75
1758,353,4,1525757.25
1759,352,4,1525759.75
1815,521,64,1639292
1812,511,4,1506383.75
1814,517,8,1639303.75
1811,523,4,1639264
1806,531,4,1638905.25
1802,529,8,1638893.25
1798,526,4,1638594.5
1796,535,4,1638703.75
1792,541,8,1638739.75
1788,548,4,1637344
1786,551,4,1637337.25
1780,554,4,1637236
1778,558,4,1637202.5
1773,561,4,1636850.5
1770,563,4,1636835.75
1766,564,8,1636644
1764,565,4,1636641.25
1758,566,4,1636034.5
1753,565,4,1636056
1749,565,4,1635874.5
1746,564,4,1635894.5
1743,564,4,1635781.25
1741,565,4,1635784
1738,564,4,1635804
1736,564,4,1635802.5
1734,564,4,1635620
1732,564,8,1635616
1730,565,4,1635639.75
1730,566,4,1635634.5
1732,566,7.90000000037253,1635630.5
1734,566,4,1635624
1737,566,4,1635799.75
1741,567,4,1635790.5
1743,567,4,1635776
1749,568,4,1635963.75
1754,568,4,1635972
1756,568,8,1636026.5
1759,569,4,1636030.5
1761,570,4,1636685.25
1761,572,8,1636689.25
1761,573,4,1636690.5
1760,575,4,1636693.25
1760,577,7.90000000037253,1623723.75
1761,879,31.5,1786622.5
1757,881,3.90000000037253,1786968
1758,885,4,1786957.25
1752,883,3.90000000037253,1786991.75
1745,879,3.89999999850988,1787734.5
1737,869,4,1787602.5
1730,866,3.90000000037253,1787554.5
1723,869,3.90000000037253,1800564
1719,872,3.90000000037253,1800661.25
1710,870,4,1800386.5
1711,868,3.90000000037253,1800389.25
1704,873,3.89999999850988,1800321.25
1699,875,4,1800266.5
1697,875,3.90000000037253,1800268
1692,880,7.80000000074506,1801466.5
1692,878,4,1801484
1691,882,3.90000000037253,1801417.25
1688,882,7.79999999888241,1801422.5
1690,883,4,1801419.75
1690,881,3.90000000037253,1801415.75
1693,877,7.90000000037253,1801480
1692,875,3.90000000037253,1801525.25
1692,869,3.89999999850988,1801545.25
1693,869,7.90000000037253,1801544
1695,865,3.90000000037253,1801556
1698,860,3.90000000037253,1800182.5
1699,860,7.90000000037253,1800181.25
1701,859,3.89999999850988,1800156
1705,859,3.90000000037253,1799972
1706,861,4,1799965.25
1706,866,3.90000000037253,1800418.5
1705,871,3.90000000037253,1800404
1708,873,3.90000000037253,1800377.25
1709,879,4,1800358.5
1710,884,3.89999999850988,1801036
1709,891,3.90000000037253,1801014.5
1708,894,3.90000000037253,1800972
1707,897,4,1780812
1745,287,79.5,1529940
1739,285,4,1530804
1734,285,4,1530829.25
1730,285,8,1530871.75
1726,285,4,1532941.25
1725,284,4,1532939.75
1723,280,8,1532965.25
1721,278,4,1533143.75
1720,276,4,1533136
1720,274,8,1533134.5
1719,274,4,1533115.75
1719,273,4,1533116
1719,272,4,1533119.75
1721,270,4,1533207.75
1723,269,4,1533214.5
1725,268,4,1533193.25
1725,269,4,1533192
1726,270,4,1533186.5
1728,270,4,1530620
1728,271,4,1530623.75
1727,274,4,1533169.25
1727,275,4,1533168
1727,281,4,1532948
1726,283,4,1532945.25
1727,288,4,1532927.75
1726,291,4,1532921.25
1726,297,4,1532861.25
1727,299,4,1532848
1728,301,4,1530963.75
1727,302,4,1532843.75
1727,305,4,1531988
1726,306,8,1531986.5
1724,306,4,1531996
1722,306,4,1532002.5
1721,304,8,1532009.25
1718,303,4,1532777.25
1715,302,4,1532763.75
1712,301,8,1532755.75
1709,301,4,1532424
1707,301,4,1532470.5
1706,302,8,1532472
1706,303,4,1532475.75
1707,303,4,1532474.5
1706,302,8,1532472
1707,303,4,1532474.5
1711,306,4,1532401.25
1713,312,8,1532097.25
1717,313,4,1532114.5
1718,313,4,1532119.75
1720,314,4,1531942.5
1722,313,4,1531949.25
1721,315,4,1531940
1719,314,4,1532121.25
1721,314,4,1531943.75
1722,314,4,1531938.5
1725,313,4,1531954.5
1725,312,4,1531953.25
1727,311,4,1531968
1728,310,4,1531838.5
1731,310,4,1531833.25
1733,312,4,1531859.75
1736,312,4,1531690.5
1739,313,4,1531694.5
1741,314,4,1531703.75
1742,314,4,1531704
1743,314,4,1531707.75
1744,316,4,1531632
1745,314,4,1531629.25
1746,312,8,1531622.5
1748,311,4,1531429.25
1750,311,4,1531433.25
1751,312,8,1531605.25
1752,312,4,1531520
1753,314,4,1531527.75
1754,315,8,1531529.25
1756,318,4,1531566.5
1758,320,4,1526782.5
1759,319,8,1531562.5
1761,323,4,1526796
1761,325,4,1526802.5
1762,325,4,1526813.25
1760,325,8,1526803.75
1759,323,4,1526778.5
1758,325,4,1526727.75
1756,324,4,1526730.5
1755,325,4,1526750.5
1752,327,4,1526741.25
1749,327,4,1526572
1746,332,4,1526622.5
1743,334,4,1526273.25
1742,333,4,1526285.25
1740,335,3.90000000037253,1526277.25
1739,336,3.90000000037253,1526213.25
1738,336,4,1526212
1737,334,3.89999999850988,1526333.25
1736,333,3.90000000037253,1526321.25
1737,330,4,1526317.25
1736,327,3.90000000037253,1526485.25
1736,326,3.90000000037253,1526484
1736,323,3.90000000037253,1526479.75
1734,321,4,1526461.25
1731,320,3.89999999850988,1526447.75
1729,318,3.90000000037253,1531901.25
1726,317,7.90000000037253,1531911.75
1724,317,3.90000000037253,1531915.75
1724,319,4,1531919.75
1723,320,7.79999999888241,1537359.75
1723,322,4,1537355.75
1725,325,3.90000000037253,1537378.5
1729,327,7.90000000037253,1526420
1731,328,3.90000000037253,1526383.75
1733,328,3.90000000037253,1526385.25
1736,326,7.89999999850988,1526484
1580,261,51.1000000014901,1549897.25
1582,257,3.89999999850988,1549911.75
1582,254,4,1333672
1585,253,3.90000000037253,1333842.5
1587,249,3.90000000037253,1333830.5
1590,246,3.90000000037253,1333800
1591,244,4,1333797.25
1590,242,3.90000000037253,1333784
1589,240,3.89999999850988,1333779.75
1588,238,4,1334092
1588,237,3.90000000037253,1334091.75
1586,237,3.90000000037253,1334109.25
1585,237,4,1334104
1585,237,3.90000000037253,1334104
1584,237,3.90000000037253,1334105.25
1583,237,4,1333414.5
1582,238,3.89999999850988,1333416
1581,238,8,1333421.25
1583,237,4,1333414.5
1583,237,4,1333414.5
1585,236,8,1334107.75
1586,237,4,1334109.25
1586,238,4,1334098.5
1587,238,8,1334097.25
1589,238,4,1334093.25
1589,238,3.90000000037253,1334093.25
1590,239,8,1334081.25
862,162,80,1013752
862,160,4,1013758.5
863,158,4,1013763.75
861,157,4,1013768
865,153,4,1015106.5
865,152,4,1015107.75
862,152,8,1013822.5
861,152,4,1013809.25
859,152,3.90000000037253,1013807.75
857,153,8,1013800
857,153,4,1013800
855,152,4,1013973.25
853,152,8,1013971.75
849,152,4,1013953.25
846,153,4,1014039.75
843,153,8,1014052
840,153,4,1014059.75
837,152,4,1014129.25
833,151,8,1014164
830,150,4,1001064
827,148,4,1001077.25
822,146,8,1001010.5
818,144,4,1000964
815,142,4,1000619.75
810,140,4,1000606.5
805,137,4,1000568
804,136,4,1000570.5
801,133,4,1000504
800,131,4,1000453.25
799,129,4,1000446.5
799,128,4,1000447.75
800,127,4,995669.25
801,127,4,995668
803,127,4,995664
805,127,4,995662.5
808,127,4,995647.75
812,128,4,1000688
814,128,4,1000702.5
816,130,4,1000718.5
818,130,4,1000712
818,132,4,1000734.5
819,133,4,1000732
819,135,4,1000730.5
820,136,8,1000922.5
821,137,4,1000920
822,139,4,1000913.25
823,139,8,1000912
825,138,4,1000839.75
827,137,4,1000844
832,137,8,1014377.25
1016,122,48,1032230.5
1016,121,4,1032233.25
1024,119,4,1054015.75
1023,119,8,1032256
1026,118,4,1054002.5
1029,118,4,1053997.25
1027,119,8,1054000
1024,119,4,1054015.75
1026,120,4,1054020
1029,120,8,1054075.75
1032,121,4,1054081.25
1033,123,4,1054092
1034,123,4,1054091.75
1032,123,4,1054095.75
1032,122,4,1054094.5
1031,122,4,1054065.25
1029,121,8,1054072
1028,120,4,1054074.5
1026,119,4,1054001.25
1025,118,8,1054013.25
1023,118,4,1032257.25
1022,117,4,1032269.25
1021,117,8,1032264
1020,117,4,1032265.25
1020,117,4,1032265.25
1020,116,8,1032266.5
1020,116,4,1032266.5
1019,116,4,1032309.25
1019,117,8,1032310.5
1019,116,4,1032309.25
379,633,56,491566.5
375,623,4,492394.5
368,621,4,492371.75
360,627,4,491983.75
357,631,4,491918.5
353,633,4,491880
347,635,4,495242.5
341,636,4,495307.75
338,636,4,495348
342,633,4,495319.75
341,631,4,495142.5
338,630,4,495128
337,631,4,495126.5
337,632,4,495337.25
340,632,4,495322.5
341,630,8,495143.75
343,630,4,495147.75
345,630,4,495229.25
347,634,8,495243.75
351,638,4,495273.25
351,646,4,487785.25
351,660,8,488037.25
354,666,3.90000000037253,490850.5
353,676,3.90000000037253,489489.25
355,679,7.89999999850988,489498.5
354,684,3.90000000037253,489716
356,686,3.90000000037253,489670.5
358,684,7.90000000037253,489676
359,685,3.90000000037253,489678.5
361,683,3.89999999850988,489606.5
362,680,7.90000000037253,489614.5
364,668,3.90000000037253,490762.5
366,660,3.90000000037253,490990.5
321,881,58.9000000003725,405250.5
318,882,7.89999999850988,405586.5
316,879,3.90000000037253,406437.25
316,877,4,406435.75
307,879,7.80000000074506,406362.5
302,877,3.90000000037253,406029.25
297,881,4,405954.5
287,883,7.79999999888241,409178.5
279,885,3.90000000037253,409132
272,886,4,409108
265,886,7.80000000074506,409469.25
260,886,4,409478.5
256,884,3.89999999850988,409520
255,883,7.80000000074506,376912
252,881,4,376923.75
250,879,3.90000000037253,377753.25
248,878,7.79999999888241,377748
246,877,4,377709.25
245,874,3.90000000037253,377719.75
245,874,3.90000000037253,377719.75
245,873,4,377720
246,872,3.90000000037253,377724
247,873,3.90000000037253,377726.5
247,875,3.89999999850988,377712
246,877,4,377709.25
246,880,4,376982.5
246,884,4,376972
247,888,4,377045.25
247,891,4,377050.5
249,894,4,376855.75
250,896,4,376772
253,897,4,376824
258,897,4,409607.75
259,899,4,409610.5
256,904,4,409834.5
255,910,4,376577.25
255,917,4,376516
255,920,4,376511.75
258,923,8,409931.75
259,928,4,413349.25
259,935,4,413370.5
262,937,8,413399.75
262,941,4,413415.75
264,944,4,413504
266,947,8,413513.25
270,950,4,413544
273,951,4,412820
277,952,8,412785.25
280,953,4,412715.75
282,956,4,412724
283,957,8,412726.5
284,957,4,412681.25
283,959,4,412730.5
281,960,8,414017.25
278,959,4,412737.25
275,956,4,412767.75
271,954,4,413593.25
268,951,4,413551.75
264,948,4,413562.5
261,946,4,413495.75
258,944,4,413444
256,942,4,413436
253,941,4,373000
253,940,4,373001.25
253,940,4,373001.25
253,941,4,373000
254,942,4,372994.5
257,943,4,413438.5
258,943,4,413425.25
261,944,4,413499.75
263,945,4,413502.5
265,945,4,413506.5
266,947,4,413513.25
267,947,4,413514.5
267,946,4,413515.75
266,943,8,413203.75
266,941,4,413213.25
875,859,60,665376
883,857,4,665316
884,856,4,665306.5
886,855,8,665129.25
888,854,4,665212
889,852,4,665209.25
892,852,8,665184
890,851,4,665161.25
889,850,4,665159.75
893,850,8,665181.25
895,850,4,665177.25
899,848,4,711087.75
901,847,8,711246.5
902,846,4,711234.5
904,846,4,711230.5
907,847,4,711226.5
907,848,4,711109.25
908,850,4,711158.5
910,852,4,711150.5
911,854,8,711147.75
911,855,4,711146.5
911,856,4,710933.25
911,857,8,710932
910,858,4,710930.5
910,859,4.10000000149012,710929.25
910,860,4,710924
908,860,8,710922.5
908,860,4,710922.5
907,860,4,710965.25
906,858,8,710946.5
906,858,4,710946.5
905,859,4,710958.5
905,858,8,710957.25
1639,367,70.5999999996275,1540842.5
1644,357,3.90000000037253,1540681.25
1648,348,3.89999999850988,1543760
1648,343,3.90000000037253,1543743.75
1651,339,3.80000000074506,1543690.5
1652,330,3.90000000037253,1544052
1650,333,3.89999999850988,1544029.25
1648,329,3.90000000037253,1544041.25
1649,331,7.70000000111759,1544036
1650,325,3.89999999850988,1544093.25
1651,324,3.90000000037253,1544095.75
1651,321,7.80000000074506,1544110.5
1650,319,3.79999999888241,1544433.25
1650,318,3.90000000037253,1544434.5
1650,318,7.80000000074506,1544434.5
1650,317,3.90000000037253,1544439.75
1649,319,3.79999999888241,1544446.5
1649,321,7.80000000074506,1544104
1647,324,3.90000000037253,1543269.25
1644,327,3.89999999850988,1543279.75
1642,327,7.70000000111759,1543281.25
1642,328,3.90000000037253,1543310.5
1637,330,3.89999999850988,1543389.25
1636,331,3.90000000037253,1543391.75
1633,332,3.80000000074506,1543411.75
1632,333,3.90000000037253,1543409.25
1629,335,3.89999999850988,1543078.5
1627,335,3.90000000037253,1543066.5
1625,335,3.90000000037253,1543062.5
1624,336,3.80000000074506,1542250.5
1624,336,3.89999999850988,1542250.5
1625,336,3.90000000037253,1542249.25
1625,337,3.90000000037253,1542248
1628,336,3.90000000037253,1542234.5
1630,336,3.79999999888241,1542230.5
1631,337,3.90000000037253,1542228
1634,337,3.90000000037253,1543437.25
1636,338,3.90000000037253,1543454.5
1638,341,3.90000000037253,1543463.75
1642,341,3.89999999850988,1543645.25
1645,341,4,1543624
1647,341,4,1543620
1648,341,8,1543739.75
1649,341,3.90000000037253,1543736
1649,342,4,1543741.25
1649,340,8,1543737.25
1650,333,4,1544029.25
1649,322,3.90000000037253,1544103.75
1648,320,8,1544106.5
1647,316,4,1544463.75
1645,313,3.90000000037253,1544472
