x,y,t,h
947,476,3.90000000037253,794207.75
946,475,3.90000000037253,794187.75
945,476,7.90000000037253,794193.25
945,477,3.90000000037253,794194.5
945,477,3.89999999850988,794194.5
943,476,7.90000000037253,794031.75
943,475,3.90000000037253,794032
943,475,4,794032
945,476,7.80000000074506,794193.25
944,475,3.89999999850988,794191.75
942,475,4,794035.75
942,476,7.80000000074506,794030.5
940,475,4,794037.25
938,474,3.90000000037253,793992
937,473,7.90000000037253,793986.5
938,474,3.89999999850988,793992
936,475,3.90000000037253,793999.75
937,477,7.90000000037253,794002.5
938,476,3.90000000037253,794014.5
937,475,3.90000000037253,793996
937,478,4,794007.75
938,478,4,794008
943,479,4,794026.5
944,483,4,790959.75
945,489,4,790978.5
949,492,4.09999999962747,791011.75
950,499,4,790713.25
950,504,4,790654.5
950,508,4,790598.5
950,507,4,790649.25
951,506,4,790651.75
954,505,4,790567.75
954,508,4,790580
951,508,4,790597.25
952,512,4,771392
953,510,4,790589.25
952,511,4,790591.75
951,513,4,771390.5
951,515,4,771376
953,516,8,771449.25
876,554,40,768158.5
873,556,8,768185.25
867,560,4,768271.75
868,561,4,768273.25
864,563,8,768261.25
863,565,4,767684
863,565,4,767684
863,564,4,767685.25
864,567,4,768319.75
867,563,4,768266.5
869,558,4,768199.75
867,558,4,768249.25
866,556,4,768244
868,552,4,768218.5
866,550,4,768024
869,549,4,768034.5
870,549,4,768045.25
872,544,4,768064
871,540,4,769349.25
869,540,4,769353.25
869,540,4,769353.25
870,540,4,769350.5
869,542,4,769357.25
863,540,4,766629.25
863,544,4,767999.75
865,549,4,768018.5
864,550,4,768020
862,547,4,767987.75
860,556,4,767754.5
856,562,4,767718.5
852,563,8,767519.75
853,565,4,767522.5
854,569,4,767613.25
854,573,8,767597.25
856,573,4,767635.75
857,572,4,767633.25
855,573,8,767596
856,573,4,767635.75
855,573,4,767596
861,569,8,767672
862,566,4,767682.5
864,568,4,768320
864,568,8,768320
862,568,4,767676
864,569,4,768321.25
866,569,4,768327.75
866,574,4,768344
952,488,36,790826.5
947,484,4,790965.25
948,480,4,790938.5
949,476,4,794209.25
954,478,4,794264
956,476,4,794272
957,473,4,794296
959,471,4,794304
955,470,4,794321.25
955,469,8,794334.5
955,465,4,794350.5
956,461,4,794377.25
957,462,8,794375.75
958,456,4,794390.5
958,455,4,794601.25
957,450,8,794615.75
956,450,4,794614.5
955,447,4,794682.5
955,447,8,794682.5
954,445,4,794679.75
953,445,3.90000000037253,794674.5
953,449,8,794562.5
952,452,4,794576
952,451,4,794575.75
949,451,8,794550.5
951,456,4,794495.75
950,456,4,794494.5
949,459,8,794486.5
949,464,4,794131.75
951,460,4,794437.25
727,639,52,552000
727,626,4,552123.75
732,627,4,552181.25
723,630,4,552081.25
721,634,8,552039.75
718,640,4,561236
716,633,4,552849.25
715,639,8,552880
714,636,4,552886.5
715,635,4,552842.5
715,637,8,552884
712,631,4,552831.75
716,634,4,552862.5
713,633,4,552834.5
713,636,4,552889.25
714,638,4,552882.5
716,635,4,552863.75
716,638,8,552878.5
717,635,4,552860
720,638,4,552022.5
716,638,4,552878.5
721,638,4,552023.75
716,638,4,552878.5
719,639,4,552874.5
719,638,4,552873.25
718,637,4,552871.75
716,635,4,552863.75
715,637,4,552884
715,636,3.89999999850988,552885.25
714,636,4,552886.5
713,634,3.90000000037253,552839.75
714,632,3.90000000037253,552846.5
712,630,4,552828
712,630,3.90000000037253,552828
709,627,3.90000000037253,552756
709,628,4,552737.25
709,626,3.89999999850988,552759.75
706,625,3.90000000037253,552711.75
707,623,4,552688
707,623,3.90000000037253,552688
706,624,4,552708
706,623,3.90000000037253,552689.25
706,625,3.90000000037253,552711.75
707,624,7.89999999850988,552709.25
708,625,3.90000000037253,552761.25
711,625,4,552766.5
710,625,7.80000000074506,552765.25
708,626,4,552758.5
711,625,3.90000000037253,552766.5
711,627,7.89999999850988,552752
711,627,3.90000000037253,552752
712,628,3.90000000037253,552826.5
712,628,7.90000000037253,552826.5
711,626,4,552753.25
709,627,3.90000000037253,552756
708,628,7.89999999850988,552736
708,629,3.90000000037253,552739.75
706,629,3.90000000037253,552733.25
706,628,4,552734.5
707,629,3.90000000037253,552732
706,629,3.90000000037253,552733.25
707,629,4,552732
706,627,3.89999999850988,552715.75
708,629,3.90000000037253,552739.75
707,630,4,552731.75
708,629,3.90000000037253,552739.75
708,630,3.90000000037253,552740
707,630,4,552731.75
707,629,3.90000000037253,552732
710,632,4,552918.5
708,631,3.89999999850988,552741.25
709,631,3.90000000037253,552742.5
708,632,4,552922.5
709,632,3.90000000037253,552921.25
708,631,3.90000000037253,552741.25
629,721,39.6999999992549,577042.5
633,736,8,573801.25
626,738,4,573858.5
629,734,4,577127.75
627,735,8,577114.5
625,742,4,573885.25
627,743,4,573882.5
628,744,8,573904
631,742,4,573825.25
633,742,4,573821.25
633,737,8,573800
638,739,4,573777.25
638,735,4,577193.25
641,734,4,572413.25
641,734,4,572413.25
639,734,3.90000000037253,577195.75
641,733,4,572402.5
642,732,4,572404
644,731,4,572383.75
644,731,4,572383.75
645,731,4,572382.5
644,731,4,572383.75
643,730,4,572387.75
644,734,4,572358.5
644,734,4,572358.5
644,734,4,572358.5
646,733,4,572365.25
646,733,4,572365.25
647,735,4,572352
647,732,3.90000000037253,572367.75
647,736,4,572437.25
646,734,4,572354.5
647,733,8,572366.5
648,737,4,572649.25
648,734,4,572348
646,737,8,572439.75
648,735,4,572351.75
645,735,4,572356
647,734,8,572353.25
645,741,4,572450.5
646,737,3.90000000037253,572439.75
641,731,8,572398.5
643,733,4,572406.5
645,734,4,572359.75
642,734,8,572408
642,737,4,572429.25
644,734,4,572358.5
644,737,8,572433.25
643,739,4,572426.5
643,739,4,572426.5
642,736,8,572430.5
639,739,4,573776
640,740,4,572474.5
640,740,8,572474.5
639,742,4,573761.25
640,742,4,572476
638,736,4,573782.5
637,740,4,573771.75
639,734,4,577195.75
638,732,4,577198.5
639,729,8,577214.5
641,730,4,572397.25
641,725,4,572178.5
641,737,8,572418.5
642,747,4,572491.75
641,749,4,572498.5
640,761,8,573379.75
640,768,4,649898.5
640,765,4,573435.75
636,776,8,595344
637,772,4,595299.75
633,773,4,595320
630,775,8,595241.25
629,777,4,595416
627,775,4,595226.5
625,772,4,595217.25
627,770,4,595209.25
627,765,4,573534.5
626,764,4,573532
628,759,8,573583.75
629,758,4,573581.25
628,759,4,573583.75
629,763,4,573558.5
632,759,4,573653.25
631,758,4,573571.75
632,759,4,573653.25
634,761,4,573479.75
631,760,4,573567.75
631,760,4,573567.75
632,764,4,573488
631,766,4,573507.75
630,765,4,573511.75
634,766,4,573496
632,763,4,573487.75
632,764,4,573488
632,766,4,573502.5
632,764,3.89999999850988,573488
632,764,4,573488
633,764,3.90000000037253,573491.75
631,765,3.90000000037253,573508
632,763,4,573487.75
632,763,7.80000000074506,573487.75
630,765,4,573511.75
628,765,3.89999999850988,573515.75
628,765,7.90000000037253,573515.75
628,768,3.90000000037253,595258.5
627,772,3.90000000037253,595231.75
626,776,7.90000000037253,595430.5
623,777,4,595134.5
623,781,3.89999999850988,595116
622,781,7.90000000037253,595117.25
622,782,3.90000000037253,595112
621,781,3.90000000037253,595106.5
620,783,7.90000000037253,595109.25
618,783,3.89999999850988,595097.25
616,784,4,595818.5
611,783,3.90000000037253,595034.5
611,780,3.90000000037253,595039.75
611,778,4,595017.25
611,773,3.90000000037253,594996
631,949,35.4000000003725,618628
632,951,4,618709.25
635,955,3.89999999850988,618528
636,948,3.90000000037253,618720
634,945,4,618695.75
636,950,3.90000000037253,618724
639,951,3.90000000037253,618730.5
638,953,4,618519.75
635,953,3.90000000037253,618532
639,952,4,618517.25
640,953,3.89999999850988,626667.75
639,954,7.90000000037253,618515.75
637,953,3.90000000037253,618520
635,953,3.90000000037253,618532
636,952,7.90000000037253,618522.5
635,954,3.89999999850988,618531.75
632,955,4,618543.75
632,954,7.80000000074506,618540
632,954,4,618540
638,952,4,618518.5
635,950,8,618715.75
634,946,4,618696
637,947,4,618740
640,948,8,626448
636,950,4,618724
638,959,4,618499.75
639,957,4,618510.5
639,954,4,618515.75
643,964,4,626741.25
642,964,4,626742.5
640,970,4,626766.5
641,968,4,626755.75
640,969,4,626753.25
638,971,4,618419.75
639,974,4,618411.75
643,977,3.90000000037253,627620
642,974,4,626776
641,975,4,626774.5
642,978,4,627618.5
639,976,4,617557.25
640,972,4,626768
641,974,4,626775.75
643,974,4,626779.75
645,976,4,627609.25
645,968,4,626811.75
644,971,4,626805.25
642,973,4,626781.25
643,958,4,626681.25
644,970,4,626806.5
644,961,8,626705.25
643,966,4,626739.75
643,970,3.90000000037253,626761.25
642,961,8,626701.25
641,964,4,626745.25
640,963,4,626693.25
638,968,8,618428
638,972,4,618414.5
474,956,39.8999999985099,439324
478,960,4,434516
476,966,4,434542.5
481,970,4,437863.75
474,970,4,434568
484,980,4,437642.5
476,956,4,439306.5
478,975,4,434603.75
475,966,4,434547.75
479,963,4,434522.5
480,976,4,437674.5
481,977,4,437672
477,978,4,434781.25
476,971,4,434591.75
476,971,4,434591.75
477,974,4,434605.25
475,966,4,434547.75
474,967,4,434545.25
476,976,4,434768
474,977,8,434765.25
475,981,4,434804
477,979,4,434780
475,978,8,434763.75
476,966,4,434542.5
476,974,4,434606.5
475,961,8,434508
476,960,4,434512
475,961,4,434508
474,967,8,434545.25
473,967,4,434558.5
473,960,4,434497.25
474,964,8,434550.5
471,954,4,439513.25
471,960,4,434495.75
473,967,8,434558.5
473,965,4,434552
475,968,4,434575.75
476,970,8,434590.5
473,967,4,434558.5
473,965,4,434552
473,968,8,434561.25
473,970,4,434567.75
473,968,4,434561.25
474,983,8,434801.25
471,990,3.90000000037253,434881.25
470,987,4,434897.25
466,973,8,434679.75
470,993,4,436157.25
464,973,4,434673.25
467,996,4,436127.75
466,1002,4,436066.5
464,990,4,434942.5
464,1007,8,436053.25
462,971,4,434355.75
464,989,4,434929.25
464,965,3.90000000037253,434451.75
464,963,7.90000000037253,434447.75
462,952,3.90000000037253,439574.5
462,937,3.89999999850988,439831.75
462,935,7.90000000037253,440041.25
460,931,3.90000000037253,440053.25
459,965,4,434398.5
459,926,7.80000000074506,440633.25
460,933,3.89999999850988,440035.75
460,941,4,439817.25
455,932,7.80000000074506,439941.25
456,939,4,439855.75
453,933,3.90000000037253,439944
455,937,3.90000000037253,439932
454,940,4,439878.5
453,941,3.89999999850988,439880
454,944,3.90000000037253,439742.5
453,943,4,439886.5
451,940,3.90000000037253,439903.75
452,949,3.90000000037253,439691.75
450,950,4,439698.5
453,949,3.90000000037253,439688
451,947,3.89999999850988,439712
459,1051,31.5,3758986.5
463,1038,3.90000000037253,3758595.75
462,1024,4,3758678.5
465,1030,3.90000000037253,3758525.25
464,1033,3.90000000037253,3758531.75
464,1035,4,3758533.25
463,1036,7.79999999888241,3758597.25
464,1039,4,3758591.75
462,1033,3.90000000037253,3758653.25
464,1031,7.90000000037253,3758527.75
463,1032,3.90000000037253,3758655.75
462,1030,3.90000000037253,3758658.5
462,1028,7.89999999850988,3758668
461,1028,3.90000000037253,3758667.75
460,1030,4,3758662.5
462,1033,7.80000000074506,3758653.25
463,1033,4,3758652
463,1032,3.90000000037253,3758655.75
467,1034,7.89999999850988,3758539.75
469,1036,4,3758563.75
470,1039,4,3758571.75
470,1041,4,3758269.25
474,1042,4,3758280
474,1047,4,3758297.25
479,1048,4,3758101.25
477,1051,4,3758110.5
477,1050,4,3758109.25
477,1052,4,3758091.75
478,1056,4,3759444
474,1049,4,3758119.75
1527,1006,95.9000000003725,1835497.25
1540,1007,4,1834085.25
1545,1013,4,1834866.5
1537,1010,8,1834925.25
1532,1009,4,1835257.25
1538,1008,4,1834918.5
1537,1001,8,1834050.5
1544,999,4,1834197.25
1537,999,4,1834046.5
1540,1004,4,1834080
1545,1002,4,1834125.25
1546,1004,4,1834142.5
1548,1002,4,1834166.5
1549,1002,4,1834167.75
1554,1004,4,1834484
1553,1005,4,1834482.5
1552,1004,4,1834480
1559,1008,4,1834559.75
1559,1012,4,1834543.75
1562,1012,4,1834614.5
1559,1017,4,1834708
1556,1018,4,1834716
1553,1022,4,1834749.25
1548,1021,4,1834763.75
1545,1025,4,2359528
1545,1023,4,1834772
1545,1024,4,2359531.75
1544,1021,4,1834777.25
1543,1019,8,1834970.5
1541,1022,4,1834989.25
1538,1023,4,1834993.25
1540,1025,8,2359313.25
1543,1027,4,2359322.5
1542,1024,4,2359316
1545,1023,8,1834772
1546,1016,4,1834796
1547,1015,4,1834874.5
1549,1019,8,1834806.5
1549,1018,4,1834807.75
1550,1018,4,1834808
1690,1044,52,2418804
1688,1046,4,2418814.5
1690,1049,4,2418733.25
1691,1051,4,2418720
1694,1053,4,2418695.75
1694,1057,4,2418685.25
1694,1056,4,2418686.5
1693,1054,4,2418701.25
1690,1054,4,2418706.5
1686,1050,4,2418904
1686,1045,4,2418829.25
1687,1042,8,2418835.75
1681,1043,4,2418862.5
1678,1036,4,2419212
1681,1038,8,2419543.75
1678,1035,4,2419217.25
1677,1034,4,2419229.25
1676,1034,8,2419228
1676,1034,4,2419228
1674,1035,4,2419233.25
1675,1031,8,2419418.5
1673,1030,4,2419415.75
1671,1032,4,2419327.75
1672,1029,8,2419411.75
1674,1031,4,2419417.25
1672,1030,4,2419412
1672,1032,8,2419242.5
1674,1030,4,2419416
1673,1029,4,2419410.5
1671,1028,4,2419333.25
1674,1030,4,2419416
1674,1029,4,2419421.25
1675,1029,4,2419420
1675,1029,8,2419420
1673,1031,4,2419414.5
1674,1029,4,2419421.25
1674,1029,4,2419421.25
1675,1030,4,2419419.75
1672,1031,4,2419413.25
1671,1034,4,2419323.75
1672,1040,4,2419136
1671,1042,4,2419131.75
1671,1040,4,2419135.75
1671,1044,4,2419077.25
1672,1044,4,2419152
1672,1046,4,2419156
1673,1045,4,2419154.5
1673,1047,4,2419158.5
1675,1045,8,2419164
1676,1045,4,2419171.75
1678,1044,4,2419182.5
1679,1042,4,2419185.25
1679,1042,4,2419185.25
1689,363,64,1539364
1689,356,4,1539443.75
1687,350,4,1536619.75
1684,349,4,1536611.75
1681,353,4,1539496
1678,342,3.90000000037253,1536450.5
1676,344,4,1536442.5
1672,335,3.90000000037253,1536191.75
1671,335,3.90000000037253,1536192
1671,337,4,1536278.5
1670,334,3.89999999850988,1536194.5
1671,335,3.90000000037253,1536192
1671,336,4,1536277.25
1670,338,3.90000000037253,1536280
1672,337,3.90000000037253,1536489.25
1672,335,4,1536191.75
1672,339,3.90000000037253,1536485.25
1670,338,3.89999999850988,1536280
1671,343,4,1536298.5
1672,345,3.90000000037253,1536385.25
1671,347,3.90000000037253,1536368
1669,349,4,1536354.5
1665,349,7.80000000074506,1536338.5
1664,349,4,1536339.75
1662,350,3.89999999850988,1543848
1657,350,7.90000000037253,1543831.75
1656,353,3.90000000037253,1540459.75
1653,356,3.90000000037253,1540491.75
1653,360,7.90000000037253,1540563.75
1650,361,3.89999999850988,1540557.25
1649,363,4,1540550.5
1646,362,7.80000000074506,1540664
1647,364,4,1540613.25
1648,371,3.90000000037253,1540261.25
1648,374,7.90000000037253,1540246.5
1648,377,3.89999999850988,1540201.25
1647,380,3.90000000037253,1541029.25
1645,386,7.90000000037253,1561847.75
1645,386,3.90000000037253,1561847.75
1645,386,4,1561847.75
1643,389,3.90000000037253,1561822.5
1641,389,3.89999999850988,1561816
1640,390,4,1561814.5
1638,391,3.90000000037253,1561643.75
1778,338,39.3000000007451,1527304
1774,330,4,1526936
1774,325,4,1526887.75
1772,323,4,1526879.75
1776,320,4,1527722.5
1776,316,3.90000000037253,1528058.5
1774,314,8,1528082.5
1770,312,4,1528102.5
1768,313,4,1528107.75
1767,312,8,1528191.75
1769,310,4,1528279.75
1770,308,4,1528286.5
1774,310,8,1528296
1774,308,4,1528302.5
1777,308,4,1527987.75
1773,310,8,1528295.75
1778,310,4,1527992
1781,313,4,1528018.5
1778,313,7.89999999850988,1528013.25
1783,314,4,1528025.25
1786,311,4,1527931.75
1787,313,4,1527854.5
1789,312,4,1527857.25
1790,306,4,1527890.5
1657,112,51.9000000003725,1321537.25
1655,110,4,1321409.25
1656,108,4,1321402.5
1654,100,4,1321262.5
1652,102,8,1321252
1648,102,4,1321236
1647,104,4,1321151.75
1647,105,8,1321150.5
1648,105,4,1321451.75
1649,103,4,1321238.5
1650,103,8,1321241.25
1650,102,4,1321240
1651,104,4,1321445.25
1650,105,7.90000000037253,1321447.75
1647,108,4,1321135.75
1648,114,4,1321486.5
1649,116,8,1321489.25
1646,126,4,1321730.5
1645,129,4,1342546.5
1642,133,8,1342583.75
1640,137,4,1342595.75
1638,138,4,1342674.5
1634,143,4,1342715.75
1633,145,4,1342722.5
1632,148,4,1342778.5
1632,151,4,1342783.75
1630,151,4,1341507.75
1628,153,4,1341491.75
1628,154,4,1341492
1627,154,4,1341473.25
1625,154,4,1341479.75
1625,155,4,1341476
1625,155,4,1341476
1624,156,4,1341466.5
1625,155,4,1341476
1624,155,4,1341477.25
1624,155,4,1341477.25
1623,155,4,1341658.5
1623,156,4,1341669.25
1622,156,4,1341668
1622,156,4,1341668
1623,156,8,1341669.25
1623,155,4,1341658.5
1618,156,4,1341686.5
1619,157,8,1341684
1620,157,4,1341665.25
1623,158,4,1341673.25
1620,158,8,1341678.5
1524,106,36,1305460
1513,103,4,1304702.5
1515,87,8,1306074.5
1510,91,4,1305977.25
1513,92,4,1305907.75
1512,88,8,1305898.5
1512,89,4,1305899.75
1507,89,4,1305966.5
1508,93,4,1305931.75
1508,93,4,1305931.75
1511,96,4,1304639.75
1510,99,4,1304627.75
1513,102,8,1304701.25
1513,104,4,1304705.25
1512,107,4,1304709.25
1511,111,4,1304768
1510,116,4,1304868
1510,120,4,1304956
1511,123,4,1304944
1509,128,4,1250969.25
1509,131,4,1250974.5
1508,134,4,1250950.5
1506,136,4,1251022.5
1500,139,8,1251637.25
1500,141,4,1251595.75
1498,144,4,1251524
1496,144,8,1251520
1494,145,4,1251517.25
1496,144,4,1251520
1498,143,4,1251603.75
1494,140,4,1251812
1494,135,4,1251715.75
1491,134,4,1251769.25
1491,128,8,1251749.25
1496,124,4,1304208
1495,124,4,1304175.75
1495,124,8,1304175.75
1495,122,4,1304177.25
1495,124,4,1304175.75
1495,126,4,1304171.75
1490,129,4,1251751.75
1493,133,4,1251720
1492,137,4,1251793.25
1559,116,40,1326639.75
1564,108,4,1326496
1564,105,4,1326481.25
1569,102,4,1323671.75
1570,94,4,1325048
1571,89,4,1325028
1572,84,8,1324832
1573,81,4,1324856
1574,80,4,1324860
1575,78,8,1324777.25
1577,76,3.90000000037253,1324571.75
1578,75,3.90000000037253,1324579.75
1577,78,7.89999999850988,1324567.75
1578,74,3.90000000037253,1324578.5
1578,75,3.90000000037253,1324579.75
1578,76,7.90000000037253,1324572
1577,80,3.90000000037253,1324865.25
1575,81,4,1324862.5
1575,81,7.79999999888241,1324862.5
1573,83,3.90000000037253,1324852
1572,81,4,1324857.25
1572,84,7.80000000074506,1324832
1572,83,4,1324853.25
1572,83,3.89999999850988,1324853.25
1569,87,3.90000000037253,1324822.5
1567,88,4,1325077.25
1568,89,3.90000000037253,1325035.75
1569,90,3.90000000037253,1325037.25
1569,92,4,1325043.75
1567,91,3.90000000037253,1325072
1567,93,3.89999999850988,1325070.5
1568,92,3.90000000037253,1325040
1567,89,4,1325076
1566,90,3.90000000037253,1325074.5
1565,87,3.90000000037253,1325286.5
1564,87,4,1325285.25
1565,85,3.90000000037253,1325282.5
1564,81,3.89999999850988,1325305.25
1565,82,4,1325303.75
1564,82,3.90000000037253,1325302.5
1564,86,3.90000000037253,1325284
1565,82,4,1325303.75
1565,83,3.90000000037253,1325300
1567,88,7.79999999888241,1325077.25
1565,90,4,1325085.25
1566,91,3.90000000037253,1325073.25
1568,93,7.90000000037253,1325041.25
1569,96,3.90000000037253,1323691.75
1567,96,3.90000000037253,1326421.25
1568,97,7.89999999850988,1323689.25
1569,96,3.90000000037253,1323691.75
1568,93,4,1325041.25
1567,90,7.80000000074506,1325075.75
1569,84,3.90000000037253,1324817.25
1569,82,4,1324813.25
1571,75,7.79999999888241,1324746.5
1573,71,4,1324676
1574,66,3.90000000037253,1324690.5
1576,59,7.90000000037253,1313167.75
1577,58,3.90000000037253,1313165.25
1579,52,4,1313247.75
1579,47,4,1312944
1581,40,4,1312915.75
1581,37,4,1312866.5
1582,34,4,1312856
1582,34,4,1312856
1582,32,4,1312852
1581,30,4,1314055.75
1580,31,4,1314053.25
1579,30,4,1314105.25
1578,30,4,1314104
1578,30,4,1314104
1579,32,4,1312847.75
1578,35,4,1312841.25
1578,37,4,1312887.75
1577,40,4,1312897.25
1576,43,4,1312901.25
1575,45,4,1312974.5
1576,48,4.09999999962747,1313258.5
1573,50,4,1313053.25
1573,55,8,1313068
1571,56,4,1313093.25
1570,61,4,1313117.25
1566,64,8,1325398.5
1563,69,4,1325430.5
1562,72,4,1325356
1561,75,8,1325348
1558,77,4,1325543.75
1556,79,4,1325551.75
1554,84,8,1325212
1553,86,4,1325207.75
1550,88,4,1325972
1549,90,8,1325981.25
1548,94,4,1325998.5
1548,98,4,1326324
1548,96,8,1326320
1549,100,4,1326281.25
1549,101,4,1326280
1551,105,8.09999999962747,1326270.5
1550,108,4,1326254.5
1555,110,4,1326585.25
1554,111,4,1326587.75
1552,115,4,1326607.75
1553,115,4,1326604
1554,115,4,1326603.75
1555,117,8,1326620
1555,116,4,1326623.75
1556,115,4,1326645.25
1559,115,4,1326640
1559,113,4,1326654.5
1560,111,4,1326527.75
1560,109,3.90000000037253,1326523.75
1558,107,7.90000000037253,1326545.25
1562,106,3.89999999850988,1326472
1564,107,3.90000000037253,1326495.75
1566,109,7.90000000037253,1326503.75
1567,109,3.90000000037253,1326502.5
1569,113,4,1323432
1571,115,7.79999999888241,1323424
1572,116,4,1323402.5
1571,117,3.90000000037253,1323422.5
1572,119,3.90000000037253,1323407.75
1572,121,4,1323379.75
1575,123,3.90000000037253,1323386.5
1575,123,3.90000000037253,1323386.5
1575,125,7.89999999850988,1323332
1574,126,3.90000000037253,1323330.5
1573,126,4,1323341.25
1570,128,3.90000000037253,1328142.5
1567,130,3.90000000037253,1328113.25
1565,130,4,1328119.75
1566,135,3.90000000037253,1328105.25
1560,137,3.89999999850988,1327915.75
1560,138,4,1327916
1559,140,3.90000000037253,1327941.25
1557,139,3.90000000037253,1327990.5
1556,139,4,1327989.25
1552,137,3.90000000037253,1327977.25
1552,138,3.90000000037253,1327974.5
1551,135,4,1327210.5
1551,135,3.89999999850988,1327210.5
1550,136,3.90000000037253,1327252
1546,134,4,1327218.5
1548,133,3.90000000037253,1327201.25
1548,131,3.90000000037253,1327199.75
1543,130,4,1327153.25
1541,131,3.90000000037253,1327156
1542,132,3.89999999850988,1327150.5
1543,130,4,1327153.25
1542,130,3.90000000037253,1327154.5
1541,131,3.90000000037253,1327156
1542,129,7.90000000037253,1327165.25
1546,127,3.90000000037253,1326867.75
1546,127,4,1326867.75
1547,126,7.79999999888241,1326865.25
1544,129,4,1327171.75
1548,131,3.90000000037253,1327199.75
1548,131,7.90000000037253,1327199.75
1546,133,3.90000000037253,1327223.75
1547,135,3.89999999850988,1327216
1546,134,8,1327218.5
1548,133,4,1327201.25
1547,136,4,1327247.75
1547,137,8,1327244
1545,139,4,1327238.5
1545,139,4,1327238.5
1547,138,4,1327243.75
1548,138,4,1327262.5
1551,134,4,1327209.25
1553,132,4,1328027.75
1553,131,4,1328036
1553,128,4,1328043.75
1554,131,4,1328035.75
1554,128,4,1328044
1553,129,4,1328040
1552,131,4,1328037.25
1071,113,51.9000000003725,1055228
1068,111,8,1054895.75
1063,117,4,1055014.5
1063,123,4,1055088
1062,131,7.90000000037253,1107601.25
1058,136,4,1107662.5
1055,143,4,1108224
1054,148,8,1108206.5
1050,153,4,1108007.75
1048,154,4,1108012
1048,156,8,1108016
1046,159,4,1108033.25
1043,162,4,1109257.25
1044,165,8,1109283.75
1041,163,4,1109260
1040,165,4,1109267.75
1038,164,4,1109190.5
1039,166,3.90000000037253,1109187.75
1043,166,4,1109275.75
1041,164,4,1109265.25
1043,163,4,1109258.5
1043,166,4,1109275.75
1043,167,4,1109274.5
1043,169,4,1109476
1043,167,4,1109274.5
1044,170,4,1109468
1045,168,4,1109465.25
1045,166,4,1109287.75
1048,166,4,1109372
1044,164,4,1109280
1045,163,4,1109300
1046,160,4,1109308
1046,154,4,1108088
1045,147,4,1108150.5
1047,144,4,1108159.75
1047,142,8,1108457.25
1046,139,4,1108443.75
1049,135,4,1108348
