x,y,t,h
954,501,4,790749.25
952,501,4,790739.75
948,500,8,790666.5
946,500,4,790684
945,500,4,790683.75
943,499,8,791386.5
942,501,4,791399.75
942,502,4,791400
944,500,8,790682.5
944,499,4,790693.25
945,498,4,790695.75
947,498,8,790689.25
948,499,4,790709.25
950,499,4,790713.25
951,499,8,790714.5
953,500,4,790737.25
955,500,8,790751.75
957,499,4,790772
959,496,4,790783.75
959,497,4,790782.5
961,499,8,790446.5
962,499,4,790433.25
962,500,4,790452
962,500,8,790452
962,499,4,790433.25
962,499,4,790433.25
962,499,7.89999999850988,790433.25
962,499,4,790433.25
962,502,4,790456
962,501,8,790455.75
962,501,4,790455.75
962,504,4,790478.5
962,500,8,790452
960,500,4,790448
960,500,4,790448
960,499,4,790447.75
959,499,4,790768
957,497,4,790776
956,499,4,790773.25
952,496,4,790720
950,499,4,790713.25
946,500,4,790684
944,499,4,790693.25
943,501,4,791398.5
943,503,4,791402.5
836,380,75.2000000011176,820554.5
831,382,4,834217.25
830,382,3.90000000037253,834216
829,382,7.89999999850988,834221.25
831,383,3.90000000037253,834218.5
833,383,4,820564
833,385,7.80000000074506,839682.5
832,387,4,839695.75
831,389,3.90000000037253,839620
830,391,3.89999999850988,839617.25
829,393,4,839608
828,394,3.90000000037253,839606.5
828,392,4,839610.5
828,390,3.90000000037253,839628
826,386,3.90000000037253,839650.5
826,386,4,839650.5
825,385,3.90000000037253,839656
825,386,4,839655.75
825,384,3.89999999850988,839659.75
826,383,3.90000000037253,834225.25
826,383,4,834225.25
826,382,3.90000000037253,834226.5
825,383,4,834238.5
826,384,3.90000000037253,839660
825,386,3.90000000037253,839655.75
827,386,4,839649.25
826,386,3.89999999850988,839650.5
827,384,4,839663.75
827,383,3.90000000037253,834224
825,381,3.90000000037253,834232
824,379,4,834181.25
823,377,3.90000000037253,834260
824,375,7.90000000037253,834175.75
824,373,3.89999999850988,834171.75
825,370,4,834119.75
828,369,7.90000000037253,834129.25
829,368,3.90000000037253,834131.75
829,369,3.90000000037253,834130.5
828,371,7.90000000037253,834143.75
828,371,4,834143.75
830,371,3.89999999850988,834139.75
830,371,8,834139.75
830,372,4,834148
829,372,4,834147.75
830,372,8,834148
829,371,4,834140
828,369,4,834129.25
827,368,4,834127.75
826,367,4,833969.25
826,365,4,833975.75
826,364,4,833974.5
825,364,4,833977.25
822,365,4,833997.25
823,365,4,833998.5
823,366,4,833985.25
821,368,4,834107.75
821,368,3.90000000037253,834107.75
820,370,4,834102.5
815,371,4,834384
816,373,4,834067.75
816,373,4,834067.75
816,374,4,834068
816,374,4,834068
817,374,4,834071.75
817,375,4,834070.5
815,377,4,834364
814,379,3.90000000037253,834361.25
814,382,4,834306.5
814,386,4,839410.5
814,389,4,839405.25
814,393,8,839191.75
810,395,4,839201.25
809,398,4,839229.25
809,400,8,839107.75
810,402,4,839112
810,402,3.90000000037253,839112
813,402,8,839159.75
814,401,4,839165.25
814,401,4,839165.25
814,400,8,839164
814,400,4,839164
815,399,4,839168
817,398,7.90000000037253,839511.75
817,395,4,839500
817,392,4,839491.75
817,391,8,839486.5
817,392,4,839491.75
816,390,4,839484
815,388,8,839407.75
815,387,4,839408
816,386,4,839428
817,385,8,839426.5
817,386,4,839431.75
952,338,83.8999999985099,816708
954,341,8,816759.75
955,341,4,816756
956,344,4,816784
955,347,8,816778.5
955,347,4,816778.5
955,349,4,816820
955,349,8,816820
956,350,4,816814.5
957,352,4,817491.75
958,352,4,817492
958,355,4,817499.75
960,354,4,804518.5
961,352,4,804523.75
961,351,4,805204
962,349,4,805213.25
963,350,4,805201.25
963,350,4,805201.25
963,350,4,805201.25
963,350,4,805201.25
962,350,4,805202.5
961,351,4,805204
960,352,4,804522.5
959,354,4,817497.25
958,356,4,817508
958,360,4,817556
958,362,4,817560
957,364,4,817571.75
958,367,4,817579.75
958,370,8.10000000149012,817752
957,371,4,817756
957,372,3.89999999850988,817763.75
957,372,7.90000000037253,817763.75
958,372,3.90000000037253,817764
912,649,66.9000000003725,731587.75
909,654,3.90000000037253,731661.25
907,661,4,732020
906,665,3.89999999850988,732045.25
909,658,4,731997.25
911,651,3.90000000037253,731706.5
911,649,3.90000000037253,731708
910,656,4,731988
908,660,3.90000000037253,732000
909,666,3.90000000037253,732061.25
912,665,4,731241.25
912,665,3.89999999850988,731241.25
912,662,3.90000000037253,731286.5
912,661,4,731289.25
910,662,3.90000000037253,732008
910,663,4,732011.75
909,666,7.80000000074506,732061.25
910,668,4,732068
910,670,3.89999999850988,732072
911,669,7.90000000037253,732070.5
911,667,3.90000000037253,732058.5
911,667,3.90000000037253,732058.5
912,669,7.90000000037253,731225.25
912,671,4,731221.25
914,672,3.89999999850988,732420
915,673,7.90000000037253,732422.5
915,674,3.90000000037253,732425.25
916,674,3.90000000037253,732470.5
917,674,7.90000000037253,732471.75
918,673,3.89999999850988,732477.25
920,673,4,732483.75
920,675,7.80000000074506,732485.25
920,676,4,732538.5
919,675,3.90000000037253,732464
920,675,4,732485.25
920,674,4,732484
920,673,4,732483.75
921,672,4,732481.25
921,670,4,731197.25
921,670,4,731197.25
921,670,4,731197.25
919,670,4,731203.75
920,669,4,731185.25
922,667,4,731169.25
920,668,4,731184
921,668,4,731187.75
922,669,4,731191.75
922,669,4,731191.75
923,669,4,731190.5
925,670,4,731143.75
927,668,4,731151.75
927,667,4,731152
928,666,4,731116
929,666,8,731117.25
930,666,4,731106.5
933,664,4,731097.25
933,662,8,730919.75
933,661,4,730914.5
932,661,4,730915.75
932,660,8,730912
929,657,4,730882.5
928,657,4,730881.25
925,657,8,731384
924,658,4,731382.5
923,656,4,731333.25
921,656,7.90000000037253,731331.75
919,656,4,731327.75
917,655,4,731628
915,653,8,731636
915,651,4,731594.5
915,651,4,731594.5
915,651,4,731594.5
915,649,4,731596
916,650,4,731614.5
770,548,56,763548
768,547,4,763557.25
767,547,4,547162.5
766,543,8,546475.75
768,542,4,764246.5
771,540,4,764255.75
772,537,8,764275.75
773,538,4,764279.75
775,539,4,764282.5
776,542,8,764222.5
776,542,4,764222.5
775,542,4,764227.75
775,540,8,764229.25
775,539,4,764282.5
775,537,4,764284
774,538,8,764280
773,538,4,764279.75
773,540,4,764233.25
773,541,8,764232
772,541,4,764235.75
770,541,4,764253.25
771,541,4,764254.5
771,542,4,764241.25
769,542,4,764247.75
766,542,4,546472
767,542,8,546473.25
767,541,4,546470.5
768,540,4,764250.5
769,539,4,764260
771,539,4,764256
771,539,4,764256
773,537,4,764274.5
774,536,4,764286.5
774,535,4,764289.25
774,534,4,764290.5
627,1004,67.8999999985099,617311.75
619,1013,7.90000000037253,616926.5
622,1023,3.90000000037253,616873.25
625,1019,3.90000000037253,617036
626,1018,7.90000000037253,617032
629,1014,3.89999999850988,617005.25
629,1012,4,616995.75
632,1012,3.90000000037253,617178.5
631,1011,3.90000000037253,616986.5
631,1010,4,616985.25
630,1013,3.90000000037253,616999.75
631,1012,3.90000000037253,616997.25
633,1009,4,617192
634,1007,3.89999999850988,617275.75
635,1006,3.90000000037253,617273.25
636,1005,4,617225.25
639,1002,3.90000000037253,617235.75
640,1001,3.90000000037253,627947.75
641,1002,4,627949.25
642,1002,3.90000000037253,627938.5
643,1002,3.89999999850988,627939.75
644,1001,4,627931.75
643,999,3.90000000037253,627738.5
642,1001,3.90000000037253,627943.75
643,1000,4,627941.25
646,1000,3.90000000037253,627926.5
648,997,7.90000000037253,627835.75
649,996,3.89999999850988,627833.25
652,994,3.90000000037253,627806.5
652,991,7.90000000037253,627471.75
653,988,3.90000000037253,627465.25
654,987,4,627513.25
655,985,7.79999999888241,627516
659,985,4,627428
660,985,3.90000000037253,627419.75
660,986,7.90000000037253,627420
659,985,3.90000000037253,627428
657,982,3.90000000037253,627223.75
658,984,7.89999999850988,627430.5
655,988,3.90000000037253,627461.25
652,989,4,627467.75
648,988,3.90000000037253,627482.5
648,988,3.90000000037253,627482.5
648,989,4,627481.25
645,991,3.90000000037253,627692
643,994,3.89999999850988,627721.25
1620,897,79.8000000007451,1823667.75
1627,894,4,1803281.25
1626,895,4,1803283.75
1628,889,8,1803315.75
1630,889,4,1803325.25
1632,885,4,1803027.75
1631,883,7.90000000037253,1803344
1633,881,4,1803010.5
1632,881,4,1803009.25
1635,880,8,1803013.25
1639,882,4,1803057.25
1643,883,4,1803082.5
1643,892,8,1803189.25
1644,891,4,1803167.75
1644,896,4,1823984
1644,889,4,1803153.25
1643,896,4,1823983.75
1646,894,4,1803176
1649,898,4,1824013.25
1652,901,4,1824035.75
1652,901,4,1824035.75
1652,902,4,1824036
1652,904,4,1824218.5
1653,898,4,1824055.75
1651,896,4,1824005.25
1651,893,4,1802334.5
1650,896,4,1824004
1649,901,4,1824018.5
1648,905,4,1824235.75
1644,903,4,1823951.75
1643,901,4,1823966.5
1641,901,4,1823960
1642,903,4,1823955.75
1643,905,4,1823878.5
1642,908,4,1823902.5
1644,910,4,1823908
1643,911,3.90000000037253,1823898.5
1642,912,4,1824614.5
1642,912,8,1824614.5
1642,912,4,1824614.5
1640,915,4,1824623.75
1642,915,8,1824609.25
1643,916,4,1824629.25
1642,913,4,1824615.75
1636,913,8,1824667.75
1634,913,4,1824679.75
1636,913,4,1824667.75
1635,913,8,1824676
1637,909,4,1823842.5
1635,909,4,1823836
1635,908,8,1823839.75
1638,907,4,1823859.75
1639,907,4,1823856
1640,907,4,1823887.75
1642,909,4,1823901.25
1644,910,4,1823908
1646,909,4,1823917.25
1647,908,4,1823919.75
1648,909,4,1824241.25
1650,911,4,1824251.75
1652,911,4,1824197.25
1653,914,4,1824311.75
1651,916,4,1824287.75
1651,914,4,1824265.25
1651,913,4,1824262.5
1650,912,4,1824260
1698,244,128.099999999627,1349942.5
1696,246,4,1349948
1694,253,4,1349293.25
1693,256,8,1534297.25
1692,257,4,1534299.75
1693,255,4,1349286.5
1694,253,4,1349293.25
1694,255,4,1349289.25
1695,255,4,1349290.5
1696,257,4,1533611.75
1696,260,8,1533616
1698,262,4,1533624
1699,262,4,1533625.25
1701,261,4,1533576
1701,261,4,1533576
1700,261,4,1533577.25
1697,266,4,1533639.75
1693,266,8,1534263.75
1693,267,4,1534262.5
1692,268,4,1534218.5
1691,271,8,1534224
1691,271,4,1534224
1689,273,4,1534146.5
1689,273,8,1534146.5
1688,274,4,1534158.5
1687,276,4,1534085.25
1688,276,4,1534160
1689,275,4,1534156
1690,274,4,1534152
1689,274,4,1534157.25
1687,275,8,1534138.5
1686,275,4,1534137.25
1686,275,4,1534137.25
1687,276,4.09999999962747,1534085.25
1685,277,4,1534088
1684,278,4,1534092
1683,279,4,1534096
1682,279,4,1534099.75
1680,281,4,1534057.25
1677,283,4,1534876
1676,284,4,1534880
1674,285,4,1534903.75
1672,287,4,1534911.75
1662,40,66.8000000007451,1317268
1664,25,7.79999999888241,1370473.25
1661,33,4,1317202.5
1661,30,3.90000000037253,1316525.25
1664,26,7.80000000074506,1370470.5
1666,20,4,1370524
1678,21,3.89999999850988,1370605.25
1675,24,7.80000000074506,1370405.25
1682,22,4,1370296
1682,21,3.90000000037253,1370295.75
1685,18,7.79999999888241,1370269.25
1688,12,4,1371024
1688,11,3.90000000037253,1371023.75
1688,9,3.90000000037253,1371009.25
1688,10,3.90000000037253,1371022.5
1687,10,3.90000000037253,1370993.25
1686,11,4,1370995.75
1683,11,3.89999999850988,1370954.5
1683,8,3.90000000037253,1370949.25
1681,5,3.90000000037253,1370936
1680,5,4,1370939.75
1679,7,3.90000000037253,1370858.5
1679,9,3.90000000037253,1370644
1679,10,3.89999999850988,1370643.75
1679,12,4,1370639.75
1679,13,3.90000000037253,1370638.5
1681,12,3.90000000037253,1370961.25
1682,12,3.90000000037253,1370974.5
1683,10,3.90000000037253,1370953.25
1684,6,4,1370926.5
1684,9,3.89999999850988,1371001.25
1686,8,3.90000000037253,1371004
1686,9,7.90000000037253,1371005.25
1686,11,3.90000000037253,1370995.75
1687,9,3.90000000037253,1371006.5
1686,6,7.89999999850988,1370920
1685,3,3.90000000037253,1370908
1684,2,3.90000000037253,1370910.5
1682,1,8,1370893.25
1681,3,4,1370886.5
1678,4,4,1370862.5
1677,5,8,1370850.5
1676,6,4,1370852
1674,6,4,1370840
1673,5,8,1370834.5
1602,65,124.099999999627,1318919.75
1608,60,4,1318842.5
1606,58,4.09999999962747,1318866.5
1605,53,8,1318690.5
1604,51,4,1318709.25
1606,50,4,1318706.5
1604,51,8,1318709.25
1602,56,4,1318886.5
1601,60,4,1318899.75
1601,64,8,1318915.75
1601,65,4,1318914.5
1600,69,4,1318931.75
1599,70,4,1324353.25
1598,71,4.10000000149012,1324355.75
1597,74,4,1324343.75
1597,75,4,1324342.5
1596,76,4,1324298.5
1596,77,4,1324299.75
1595,76,4,1324319.75
1595,77,4,1324318.5
1594,77,4,1324317.25
1594,76,4,1324316
1594,75,4,1324323.75
1592,74,4,1324326.5
1592,73,4,1324329.25
1593,71,4,1324412
1593,72,4,1324331.75
1593,71,4,1324412
1593,71,4,1324412
1593,72,4,1324331.75
1592,73,4,1324329.25
1590,73,8,1324503.75
1589,72,4,1324499.75
1587,73,4,1324492
1587,74,8,1324491.75
1587,75,4,1324490.5
1585,77,4,1324536
1587,78,8,1324531.75
1589,79,4,1324524
1592,81,4,1324225.25
1596,80,8,1324282.5
1598,81,4,1324285.25
371,267,139.799999998882,147296
367,265,3.90000000037253,146582.5
364,263,4,146543.75
363,263,7.80000000074506,146544
360,263,4,146559.75
360,261,3.89999999850988,146555.75
362,262,7.90000000037253,146546.5
364,261,3.90000000037253,146529.25
364,261,3.90000000037253,146529.25
362,259,7.90000000037253,146505.25
361,256,3.89999999850988,146497.25
358,254,4,115650.5
357,253,3.90000000037253,115656
356,251,3.90000000037253,115679.75
355,249,4,115684
354,249,3.90000000037253,115687.75
353,249,3.90000000037253,115688
353,249,4,115688
353,248,3.89999999850988,115689.25
353,248,3.90000000037253,115689.25
354,249,4,115687.75
353,251,3.90000000037253,115694.5
354,253,3.90000000037253,115703.75
354,254,4,115704
354,254,3.90000000037253,115704
354,256,3.89999999850988,146436
354,257,4,146439.75
355,257,3.90000000037253,146438.5
354,255,3.90000000037253,115707.75
353,256,4,146435.75
353,255,3.90000000037253,115708
353,255,3.90000000037253,115708
352,255,4,115711.75
351,255,3.89999999850988,115712
351,257,3.90000000037253,146428
350,259,7.90000000037253,146425.25
350,260,3.90000000037253,146374.5
351,260,4,146373.25
352,261,7.79999999888241,146451.75
353,262,3.90000000037253,146455.75
354,262,4,146456
355,262,7.80000000074506,146459.75
355,261,4,146460
356,259,3.90000000037253,146485.25
357,258,7.89999999850988,146487.75
357,254,3.90000000037253,115655.75
356,252,3.90000000037253,115658.5
356,251,7.90000000037253,115679.75
354,250,4,115682.5
353,248,4,115689.25
351,247,4,115776
349,247,4,115780
349,246,4,115783.75
348,245,4,115785.25
347,244,4,115829.25
346,245,4,115831.75
344,247,4,115839.75
343,248,4,115925.25
342,250,4,115928
342,252,4,115940
342,250,4,115928
341,249,4,115922.5
340,249,4,115921.25
338,248,4,115918.5
337,248,4,115905.25
336,247,4,115903.75
336,247,4,115903.75
581,984,95.7999999988824,615379.75
581,991,4,615404
584,995,4,615493.25
588,987,3.90000000037253,615221.25
593,989,4,615154.5
594,989,4,615159.75
598,994,4,616376
599,993,4,616380
601,993,4,616386.5
601,993,4,616386.5
603,994,4,616393.25
605,995,4,616436
607,996,4,616431.75
608,996,4,616464
608,996,4,616464
606,995,4,616435.75
607,995,4,616432
606,993,4,616445.25
607,994,4,616433.25
608,993,4,616449.25
609,994,3.90000000037253,616461.25
610,995,4,616459.75
611,995,8,616458.5
608,995,4,616463.75
609,996,4,616465.25
611,997,8,616476
609,998,4,616471.75
607,1000,4,616213.25
610,1001,8,616679.75
609,1003,4,616686.5
607,1005,4,616206.5
607,1006,8,616193.25
606,1008,4,616190.5
607,1011,4,616186.5
608,1013,8,616763.75
610,1013,4,616759.75
611,1015,4,616752
613,1013,8,616738.5
616,1010,4,616934.5
615,1009,4,616726.5
615,1005,4,616654.5
616,1002,3.90000000037253,616580
616,998,4,616572
616,999,4,616575.75
615,997,4,616492
616,995,4,616517.25
615,994,4,616497.25
615,993,4,616510.5
615,993,4,616510.5
613,995,4,616500
614,997,4,616493.25
615,1000,4,616661.25
616,1001,4,616579.75
206,988,84,369414.5
208,987,4,369391.75
213,983,8,369190.5
224,978,4,372134.5
220,977,4,369233.25
218,973,8,369079.75
216,973,4,369083.75
213,974,4,369095.75
213,975,4,369092
216,972,4,369082.5
216,965,4,369019.75
215,963,4,368944
214,963,4,368947.75
211,966,4,368923.75
209,976,4,369155.75
211,982,4,369179.75
209,974,4.09999999962747,369149.25
208,972,4,369136
207,972,4,368815.75
205,979,4,369502.5
203,990,4,369425.25
203,982,4,369529.25
205,982,4,369479.75
206,981,4,369485.25
206,980,4,369484
207,979,4,369488
206,974,4,368808
205,974,4,368807.75
206,972,4,368814.5
207,971,4,368816
210,971,4,369121.25
209,971,4,369134.5
209,969,8,369128
209,969,4,369128
211,973,4,369142.5
213,970,8,369117.25
214,971,4,369105.25
213,976,4,369211.75
214,973,8,369101.25
216,975,4,369087.75
215,979,4,369200
214,981,8,369197.25
215,982,4,369195.75
216,984,4,369280
218,987,4,369289.25
218,987,3.90000000037253,369289.25
220,985,4,369297.25
221,982,3.90000000037253,369261.25
221,984,3.89999999850988,369299.75
221,987,4,369308
221,983,3.90000000037253,369260
223,980,3.90000000037253,369253.25
219,987,4,369290.5
221,980,3.90000000037253,369251.75
219,979,3.90000000037253,369226.5
215,981,4,369196
213,979,3.89999999850988,369204
212,979,3.90000000037253,369205.25
210,981,4,369181.25
208,983,3.90000000037253,369173.25
207,983,3.90000000037253,369472
208,983,4,369173.25
209,984,3.90000000037253,369385.25
214,983,7.89999999850988,369193.25
215,982,3.90000000037253,369195.75
215,985,3.90000000037253,369364
204,989,7.90000000037253,369419.75
195,995,3.90000000037253,369674.5
189,993,3.89999999850988,367608
190,994,7.90000000037253,367602.5
187,992,3.90000000037253,367557.25
186,995,4,367563.75
185,993,7.80000000074506,367554.5
181,998,4,367501.25
180,998,3.89999999850988,367500
177,999,7.90000000037253,367508
176,997,3.90000000037253,367513.25
178,994,3.90000000037253,367522.5
179,994,7.90000000037253,367521.25
181,994,3.89999999850988,367543.75
183,994,4,367547.75
184,994,3.90000000037253,367566.5
184,994,3.90000000037253,367566.5
184,994,4,367566.5
186,993,3.90000000037253,367559.75
187,992,3.90000000037253,367557.25
189,991,4,367630.5
189,995,3.89999999850988,367604
190,997,3.90000000037253,367597.25
191,997,4,367596
191,998,3.90000000037253,367595.75
189,999,3.90000000037253,367590.5
191,1000,3.90000000037253,367381.25
191,1001,4,367380
192,1002,3.89999999850988,369900
192,1001,4,369899.75
192,1003,4,369903.75
191,1002,4,367379.75
191,1002,4,367379.75
191,999,4,367594.5
192,998,8,369684
195,996,4,369695.75
195,997,4,369692
196,994,8,369718.5
198,992,4,369724
198,992,4,369724
199,992,8,369727.75
201,990,4,369431.75
203,990,4,369425.25
205,988,8,369417.25
205,988,4,369417.25
205,985,4,369458.5
206,985,8,369469.25
206,983,4,369475.75
204,984,4,369456
202,988,4,369436
201,984,3.90000000037253,369451.75
201,983,4,369532
199,984,4,369621.25
194,988,4,369654.5
193,986,4,369607.75
192,984,4,369600
191,985,4,367676
189,987,4,367670.5
186,989,4,367645.25
186,988,4,367644
185,986,4,367655.75
185,987,4,367652
184,988,4,367642.5
411,861,76,448542.5
413,859,3.90000000037253,448566.5
417,855,4,449854.5
415,857,8,448572
417,859,4,449868
415,856,4,448575.75
418,853,8,449847.75
420,850,4,449822.5
418,854,4,449842.5
415,855,4,448576
414,857,4,448573.25
417,856,4,449859.75
414,855,4,448579.75
413,857,8,448562.5
412,860,4,448522.5
412,858,4,448564
411,859,4,448544
410,859,4,448547.75
409,861,4,448536
411,860,4,448543.75
413,857,4,448562.5
415,857,4,448572
413,858,4,448567.75
413,860,4,448521.25
173,993,72,366674.5
175,991,4,367872
175,996,4,366693.25
173,983,8,368102.5
173,984,4,367897.25
170,990,4,367928
165,982,8,368013.25
165,984,4,367985.25
163,984,4,367983.75
165,983,4,368014.5
166,982,4,368002.5
168,982,4,368084
169,985,4,367912
170,983,4,368089.25
171,986,3.90000000037253,367907.75
174,986,4,367890.5
176,983,3.90000000037253,367807.75
177,985,3.89999999850988,367810.5
178,985,4,367821.25
179,983,3.90000000037253,367802.5
178,982,3.90000000037253,367800
178,983,3.90000000037253,367803.75
178,983,4,367803.75
178,983,3.90000000037253,367803.75
179,982,3.89999999850988,367801.25
180,983,4,367749.25
181,984,3.90000000037253,367827.75
181,983,3.90000000037253,367748
182,982,7.90000000037253,367746.5
182,982,3.90000000037253,367746.5
185,982,3.89999999850988,367741.25
186,983,7.90000000037253,367739.75
186,983,3.90000000037253,367739.75
186,984,3.90000000037253,367660
187,985,7.90000000037253,367662.5
188,988,3.89999999850988,367626.5
189,987,4,367670.5
189,985,7.80000000074506,367666.5
190,985,3.90000000037253,367677.25
190,984,4,367678.5
191,987,7.79999999888241,367674.5
191,989,4,367620
188,990,3.90000000037253,367628
187,990,3.90000000037253,367633.25
187,989,3.90000000037253,367646.5
185,990,4,367639.75
182,990,3.90000000037253,367848
