x,y,t,h
1281,635,83.8999999999942,1949678.5
1284,634,6,1949660
1286,634,6,1949650.5
1286,636,6,1949644
1289,635,6,1949574.5
1292,638,6,1949614.5
1294,638,6,1949608
1296,639,6,1948757.25
1296,643,12,1949967.75
1295,646,6,1949891.75
1296,645,6,1949971.75
1295,647,12,1949888
1294,650,6,1949874.5
1294,647,6,1949889.25
1293,648,12,1949883.75
1293,652,6,1949857.25
1292,652,5.89999999999418,1949856
1292,652,12,1949856
1291,654,6,1949851.75
1289,654,6,1949847.75
1289,656,12,1950569.25
1288,658,6,1950572
1287,656,6,1950613.25
1287,656,6,1950613.25
1287,661,6,1950606.5
1287,658,6,1950611.75
1287,656,6,1950613.25
1290,657,6,1950567.75
1290,656,6,1950566.5
1292,655,6,1949861.25
1297,652,6,1950195.75
1298,648,6,1950182.5
1302,647,5.89999999999418,1949993.25
1304,646,6,1950076
1305,648,6,1950081.25
1310,647,6,1950059.75
1314,647,6,1953427.75
1314,648,6,1953388
1316,647,6,1953423.75
1320,646,6,1953492
1322,648,6,1953318.5
1324,649,6,1953307.75
1324,649,6,1953307.75
1324,649,6,1953307.75
1328,653,6,1953619.75
1328,650,6,1953614.5
1327,649,12,1953300
1326,648,6,1953302.5
1328,649,6,1953601.25
1327,649,11.9000000000233,1953300
1325,649,6,1953304
1324,650,6,1953308
1323,650,12,1953315.75
1324,651,6,1953311.75
1325,652,6,1953291.75
1324,654,12,1953286.5
1324,655,6,1953285.25
1324,656,6,1953274.5
1325,658,11.8999999999942,1953271.75
1325,655,6,1953284
1325,654,6,1953287.75
1328,654,12,1953620
1327,653,6,1953294.5
1329,650,6,1953613.25
1330,650,12,1953608
1331,649,6,1953606.5
1331,648,6,1953605.25
1332,645,11.8999999999942,1953569.25
1334,647,6,1953579.75
1336,648,6,1953664
1340,644,12,1953738.5
1342,644,6,1953734.5
1342,642,6,1953784
1344,640,12,1953792
1345,639,6,1934676
1345,644,12,1953809.25
1344,644,5.89999999999418,1953808
1346,642,6,1953800
1345,643,12,1953804
1344,643,6,1953807.75
1341,643,6,1953782.5
1341,647,6,1953742.5
1340,648,12,1953722.5
1340,651,6,1953717.25
1341,651,6,1953716
1343,653,11.8999999999942,1953708
1342,652,6,1953710.5
1346,652,6,1954036
1346,653,12,1954039.75
1349,654,6,1953991.75
1350,654,6,1953986.5
1351,654,12,1953985.25
1349,652,6,1953995.75
1349,653,6,1953992
1347,655,5.90000000002328,1954042.5
1347,655,6,1954042.5
1347,658,6,1954059.75
1347,655,6,1954042.5
1345,651,6,1954030.5
1345,651,6,1954030.5
1344,649,6,1954027.75
1344,647,6,1953813.25
1345,645,6,1953810.5
1347,643,6,1953802.5
1350,643,6,1953843.75
1352,637,6,1934641.25
1354,632,5.89999999999418,1934630.5
1355,629,6,1934812
1357,629,6,1934818.5
1360,631,6,1934527.75
1362,632,6,1934542.5
1365,632,6,1934547.75
1367,636,6,1934565.25
1368,636,12,1934362.5
1368,636,6,1934362.5
1367,639,6,1934570.5
1368,638,11.8999999999942,1934358.5
1368,641,6,1954753.25
1370,642,6,1954760
1371,640,12,1954757.25
1370,641,6,1954759.75
1370,636,6,1934364
1368,638,12,1934358.5
1365,638,6,1934573.25
1364,635,6,1934559.75
1364,633,11.8999999999942,1934545.25
1365,632,6,1934547.75
1364,633,6,1934545.25
1359,635,12,1934608
1356,633,6,1934619.75
1354,635,6,1934625.25
1352,634,6,1934636
1349,637,6,1934664
1349,634,6,1934711.75
1351,633,6,1934716
1033,331,125.899999999994,1128996
1032,339,6,1129285.25
1024,340,6,1129232
1025,347,12,1129454.5
1022,355,6,803153.25
1019,362,6,803105.25
1017,363,12,803108
1015,366,6,803305.25
1012,370,6,802996
1013,369,12,802994.5
1015,374,6,802947.75
1020,376,6,802842.5
1019,374,5.90000000002328,803035.75
1020,373,6,803043.75
1021,370,6,803063.75
1022,369,6,803069.25
1025,369,6,1130408
1025,366,6,1129559.75
1028,366,6,1129572
1030,366,6,1129576
1031,368,6,1130389.25
1030,367,6,1129577.25
1028,368,6,1130394.5
1028,370,6,1130396
1028,372,6,1130378.5
1028,376,6,1130448
1027,379,6,1130442.5
1024,382,6,1130492
1022,387,6,802809.25
1019,391,6,802768
1016,394,6,802702.5
1013,397,12,802658.5
1009,402,6,801965.25
1007,405,6,802284
1004,406,11.8999999999942,802276
1004,407,6,802277.25
1003,408,6,802085.25
1002,408,12,802086.5
1002,407,6,802265.25
1003,404,6,802271.75
1003,404,12,802271.75
1004,403,6,802293.25
1006,400,6,802300
1006,399,12,802307.75
1007,398,6,802305.25
1006,398,6,802306.5
1005,398,12,802311.75
1004,398,6,802310.5
1002,399,6,802363.75
1000,401,6,802241.25
999,403,6,802234.5
998,405,6.10000000000582,802183.75
996,407,6,802191.75
993,408,6,802155.75
993,409,6,802152
991,413,6,799398.5
988,415,6,799407.75
990,417,6,800765.25
988,420,6,800736
988,421,6,800739.75
989,423,6,800742.5
990,423,6,800745.25
991,421,6,800748
994,422,6.09999999997672,800792
997,421,6,800802.5
1002,419,6,800841.25
1006,415,6,802051.75
1010,411,6,801993.25
1015,407,12,801920
1018,402,6,801890.5
1022,397,6,802733.25
1025,396,12,1130739.75
1029,392,6,1130713.25
1032,388,6.10000000000582,1130618.5
1033,386,12,1130567.75
1034,386,6,1130568
1033,385,6,1130562.5
1031,388,12,1130543.75
1028,390,6,1130532
1025,395,6,1130734.5
1021,402,12,801885.25
1019,406,6,801913.25
1008,411,6.10000000000582,801989.25
1009,413,6,802040
1006,417,6,800855.75
1000,417,6,800835.75
1000,419,6,800837.25
999,420,6,800815.75
997,420,6,800801.25
999,420,6,800815.75
998,421,6,800813.25
998,421,12,800813.25
998,420,6,800814.5
999,420,6.10000000000582,800815.75
998,420,6,800814.5
997,420,6,800801.25
998,422,6,800808
998,423,6,800809.25
997,422,6,800807.75
997,423,6,800806.5
996,424,6,800986.5
997,424,6,800985.25
997,422,6,800807.75
997,422,6,800807.75
998,420,6.10000000000582,800814.5
996,419,6,800821.25
998,418,6,800818.5
999,417,6,800830.5
999,417,6,800830.5
999,420,6,800815.75
996,419,6,800821.25
995,421,6,800796
994,422,6,800792
578,545,96,538285.25
567,543,6,526016
571,544,6,526671.75
567,551,6,526634.5
560,554,6,526828
558,556,6,526510.5
553,559,6,526486.5
550,560,5.89999999999418,527254.5
550,563,6,527249.25
547,564,6,527285.25
547,564,6,527285.25
544,566,6,527294.5
544,568,6,527296
541,568,6,527385.25
539,567,6,527578.5
539,566,6,527579.75
536,564,6,527568
538,563,12,527563.75
537,564,6,527569.25
537,563,6,527564
539,560,12,527557.25
539,560,5.89999999999418,527557.25
540,559,6,527631.75
540,557,12,527627.75
541,557,6,527624
543,557,6,527620
543,556,12,527621.25
544,556,6,526416
544,557,6,526419.75
546,555,12,526411.75
544,556,6,526416
544,555,6,526415.75
545,553,12,526402.5
546,551,5.89999999999418,526385.25
547,550,6,526387.75
548,549,6,526369.25
550,546,6,526360
552,544,6,526570.5
553,544,6,526571.75
551,547,6,526362.5
552,547,6,526565.25
553,543,6,526100
553,544,6,526571.75
552,544,6,526570.5
553,544,6,526571.75
554,543,6,526099.75
555,543,6,526096
556,542,6,526092
556,540,5.89999999999418,526090.5
556,540,6,526090.5
558,537,6,526141.25
560,535,6,525845.25
561,535,6,525846.5
562,533,6,525853.25
563,532,12,525855.75
562,531,6,525835.75
562,530,6,525832
562,530,12,525832
561,528,6,525827.75
561,528,6,525827.75
561,525,12,525810.5
561,524,5.90000000002328,525811.75
560,521,6,525803.75
562,517,12,525597.25
563,513,6,525574.5
562,515,6,525579.75
564,511,12,872527.75
565,510,6,872525.25
566,509,6,872519.75
568,510,6,872510.5
568,510,6,872510.5
570,513,6,525645.25
571,514,6,525643.75
572,516,6,525664
571,520,6,525711.75
573,522,6,525725.25
574,526,6,525736
574,530,6,525912
574,533,6,525927.75
574,537,6,525975.75
574,538,5.89999999999418,525976
573,541,6,525986.5
574,541,6,525991.75
574,542,6,525992
573,541,6,525986.5
572,541,6,525985.25
571,541,6,526004
570,539,6,525961.25
570,535,6,525937.25
568,532,6,525946.5
566,529,6,525885.25
565,529,6,525880
568,530,12,525892
567,529,6,525886.5
568,529,6,525891.75
568,532,12,525946.5
568,532,6,525946.5
200,400,101.899999999994,209770.5
191,399,6,208640
189,392,6,208665.25
185,385,6,208834.5
180,382,6,228038.5
178,377,12,228071.75
173,371,6,228190.5
174,367,6,227497.25
171,370,6,228195.75
168,372,5.89999999999418,228208
167,374,6,228225.25
165,374,6,228231.75
165,375,6,228228
162,383,6,228337.25
161,390,6,207895.75
164,392,6,208090.5
164,402,6,208158.5
164,402,6,208158.5
164,403,6,208159.75
163,406,6,208179.75
163,407,10.1000000000058,208176
164,408,5.10000000000582,208250.5
164,409,5,208249.25
163,411,5.10000000000582,208202.5
162,407,5,208177.25
162,405,5.09999999997672,208183.75
158,404,5.10000000000582,206924
156,403,10.1000000000058,206943.75
152,404,5,206960
151,405,5.10000000000582,206990.5
150,404,10.1000000000058,206988
148,405,5.09999999997672,206985.25
148,405,5,206985.25
149,406,10.1000000000058,206983.75
149,405,5.10000000000582,206984
151,407,5.10000000000582,206976
154,407,5,206971.75
159,407,5.10000000000582,206912
160,408,5,208192
165,407,5.09999999997672,208172
166,409,5.10000000000582,208253.25
168,413,5,208275.75
170,417,5.10000000000582,205415.75
171,419,5,205408
172,420,5.10000000000582,205386.5
172,422,5,205382.5
173,427,5.10000000000582,205366.5
172,433,5.09999999997672,205649.25
173,433,5,205650.5
176,433,5.10000000000582,204969.25
177,434,5,204967.75
268,367,60.7000000000116,136367.75
271,363,10.1999999999825,136346.5
273,363,5,137060
273,365,5.10000000000582,137048
277,361,10.1000000000058,137074.5
279,360,5,137087.75
278,360,5.10000000000582,137086.5
281,358,10.1000000000058,137175.75
281,360,5.09999999997672,137001.25
283,360,5,136997.25
284,363,8,136991.75
288,360,3.90000000002328,137450.5
292,359,4,137253.25
296,357,4,137339.75
299,355,3.89999999999418,137290.5
301,356,4,137315.75
305,356,3.89999999999418,138139.75
306,356,4,138140
310,356,4,138118.5
312,358,3.89999999999418,138196
486,1012,174.300000000017,436516
491,1010,4,436705.25
496,1011,4,436741.25
499,1013,4.09999999997672,436788
501,1009,8.10000000000582,436754.5
503,1014,4.10000000000582,436777.25
503,1016,4.10000000000582,436863.75
500,1016,8.10000000000582,436858.5
498,1014,4.09999999997672,436786.5
499,1015,4,436784
500,1015,8.20000000001164,436783.75
506,1014,4.10000000000582,436946.5
514,1014,4,611634.5
527,1013,8.19999999998254,611780
515,1009,4,611596
530,1010,4.10000000000582,611848
580,960,48.8000000000175,614416
585,953,4.09999999997672,619816
589,950,4.10000000000582,620007.75
593,943,4,620374.5
597,946,4.10000000000582,619677.25
597,953,4.10000000000582,619730.5
596,950,4,619654.5
598,956,4.10000000000582,619748
597,954,4.09999999997672,619741.25
597,953,4.10000000000582,619730.5
598,953,4,619735.75
599,954,4.10000000000582,619737.25
601,955,4.10000000000582,619556
596,954,4,619742.5
596,956,4.10000000000582,619744
593,955,4.09999999997672,619718.5
593,947,4,619694.5
590,946,4.10000000000582,620018.5
589,945,4.10000000000582,620024
584,946,4,619982.5
583,945,4.10000000000582,619964
578,946,8.10000000000582,619938.5
577,945,4.09999999997672,619944
577,943,4.10000000000582,620116
572,943,8.10000000000582,608687.75
569,943,4.10000000000582,608702.5
575,940,4.10000000000582,608677.25
566,943,8.09999999997672,608707.75
569,945,3.90000000002328,608834.5
569,943,3.79999999998836,608702.5
571,940,7.70000000001164,608693.25
577,939,3.89999999999418,620132
583,937,3.89999999999418,620156
