x,y,t,h
973,418,3.89999999996508,799837.25
976,420,4,800666.5
978,420,4,800668
977,417,4,800680
979,417,4,800686.5
980,420,3.90000000002328,800650.5
980,426,4,800628
980,428,4,800586.5
981,432,4,800275.75
984,432,4,800490.5
983,435,3.89999999996508,800282.5
986,439,4,800467.75
986,441,8,800391.75
984,442,4,800398.5
986,446,3.90000000002328,800408
985,448,8,788841.25
984,448,4,788842.5
983,443,3.90000000002328,800368
985,441,8,800386.5
983,440,4,800383.75
983,440,4,800383.75
981,438,7.89999999996508,800301.25
981,431,4,800590.5
979,430,4,800593.25
980,428,7.90000000002328,800586.5
981,426,4,800631.75
981,424,4,800625.25
981,423,8,800654.5
982,425,4,800637.25
980,426,4,800628
982,428,4,800582.5
981,429,4,800584
982,429,4,800583.75
982,431,4,800577.25
982,433,4,800279.75
981,435,4,800284
979,438,4,800307.75
976,439,4,800319.75
974,442,4,800178.5
974,444,4,800174.5
971,447,4,800154.5
972,451,4,789087.75
970,455,4,789115.75
969,457,4,789032
970,461,4,789021.25
971,465,4,789324
971,468,4,789365.25
971,470,4,789363.75
1013,404,48,801931.75
1015,402,4,801939.75
1016,401,8,801899.75
1019,399,4,802714.5
1019,397,4,802716
1018,398,8,802712
1018,397,4.09999999997672,802717.25
1017,400,4,801897.25
1016,402,8,801900
1014,404,4,801932
1015,404,4,801935.75
1015,408,8,802005.25
1015,408,4,802005.25
1016,409,4,801833.25
1016,407,8.10000000003492,801919.75
1016,408,4,801834.5
1016,407,4,801919.75
1017,405,8,801906.5
1018,403,4,801889.25
1019,401,4,801892
1020,399,8,802725.25
1021,398,4,802727.75
1020,395,4,802741.25
1021,395,4,802740
1020,392,4,802746.5
1018,394,4.09999999997672,802696
1018,393,8,802695.75
1018,395,4,802699.75
1017,395,4,802700
1016,395,4,802703.75
1015,397,8,802668
1015,399,4,802666.5
1015,400,4,801941.25
1016,404,8,801904
1014,408,4,802004
1015,410,4,802009.25
1015,412,8,802021.25
1017,414,4,801815.75
1016,416,4,801728
1016,416,8.09999999997672,801728
1014,420,4,801670.5
1014,419,4,801721.25
1016,419,4,801743.75
1014,419,4,801721.25
1013,420,4,801673.25
1014,418,4,801720
1015,418,4,801723.75
1017,419,4,801740
1015,418,4,801723.75
1016,419,4,801743.75
1017,419,4,801740
1018,417,4,801735.75
1019,419,4,801738.5
1017,419,4,801740
1017,420,4,801745.25
1018,420,4,801758.5
1017,420,4,801745.25
1016,418,4.10000000003492,801742.5
1015,418,4,801723.75
1017,419,4,801740
1016,418,4,801742.5
1018,418,8,801736
1017,418,4,801741.25
1018,418,4,801736
1018,420,8,801758.5
1019,419,4,801738.5
1019,419,4,801738.5
1020,419,8,801781.25
1020,420,4,801760
1022,422,4,801768
1022,423,8,801769.25
1024,423,4,1134271.75
1022,424,3.89999999996508,801558.5
1022,414,7.90000000002328,801794.5
1020,402,3.90000000002328,801884
1013,393,3.89999999996508,802680
1014,383,7.90000000002328,802881.25
1009,375,3.89999999996508,802964
1001,374,4,803709.25
1000,373,3.90000000002328,803707.75
996,369,3.90000000002328,803641.25
993,365,4,803576
994,362,3.89999999996508,803528
991,360,3.90000000002328,804799.75
989,360,4,804795.75
987,359,3.89999999996508,804816
988,358,3.90000000002328,804812
986,359,3.90000000002328,804819.75
987,360,4,804741.25
989,362,3.89999999996508,804791.75
989,364,3.90000000002328,804769.25
990,363,4,804787.75
989,363,3.89999999996508,804788
988,363,3.90000000002328,804789.25
988,364,4,804768
988,361,3.90000000002328,804793.25
988,360,3.89999999996508,804794.5
988,359,4,804815.75
989,360,7.79999999998836,804795.75
988,357,4,804811.75
987,355,3.90000000002328,804832
988,351,7.90000000002328,804879.75
987,350,3.89999999996508,804881.25
987,349,3.90000000002328,804894.5
988,348,7.89999999996508,804874.5
989,348,3.90000000002328,804873.25
988,351,3.90000000002328,804879.75
988,353,7.89999999996508,804851.75
990,353,3.90000000002328,804861.25
990,352,4,804862.5
990,352,7.79999999998836,804862.5
990,352,4,804862.5
990,351,3.90000000002328,804865.25
991,351,3.89999999996508,804864
991,352,4,804863.75
989,350,3.90000000002328,804877.25
988,348,3.89999999996508,804874.5
987,348,3.90000000002328,804895.75
986,345,4,804909.25
985,346,3.90000000002328,804903.75
984,346,3.89999999996508,804902.5
1171,285,52,1173748
1172,280,4,1173712
1171,276,4,1173685.25
1172,274,8,1173660
1173,266,4,1174391.75
1175,265,4,1174398.5
1175,261,8,1174310.5
1176,258,4,1174502.5
1175,252,4,1097423.75
1175,245,8,1097260
1173,241,4,1097272
1171,239,4,1097210.5
1171,232,7.90000000002328,1097189.25
1170,229,4,1096989.25
1170,224,4,1096964
1170,224,8,1096964
1171,221,4,1095774.5
1171,221,4,1095774.5
1170,219,4,1095779.75
1168,219,4,1095781.25
1168,222,4,1095766.5
1169,225,4,1096962.5
1169,227,4,1096972
1169,228,4,1096977.25
1170,231,4,1096985.25
1171,237,4,1097206.5
1171,238,4,1097209.25
1171,243,4,1097226.5
1171,243,4,1097226.5
1171,244,4,1097247.75
1173,247,4,1097254.5
1173,248,4,1097433.25
1174,249,4,1097431.75
1174,248,4,1097430.5
1174,249,4,1097431.75
1174,249,4,1097431.75
1172,248,4,1097434.5
1173,247,8,1097254.5
1173,245,4,1097250.5
1173,245,4,1097250.5
1174,245,8,1097261.25
1172,244,4,1097248
1171,242,4,1097225.25
1170,242,8,1097224
1161,236,4,1096849.25
1154,230,4,1096754.5
1146,229,8,1098103.75
1126,221,4,1101165.25
1124,218,4,1101174.5
1118,212,8,1099852
1114,219,4,1099811.75
1113,216,4,1099819.75
1109,215,8,1099908
1106,213,4,1099959.75
1105,211,4,1099950.5
1104,213,4,1099953.25
1103,215,4,1100266.5
1103,212,4,1100271.75
1103,217,4,1100052
1103,219,8,1100048
1101,220,4,1100043.75
1102,220,4,1100044
1100,222,4,1100038.5
1099,224,4,1099461.25
1098,227,4,1099467.75
1096,231,4,1099477.25
1094,232,4,1099390.5
1093,236,4,1099337.25
1094,239,4,1099329.25
1094,239,4,1099329.25
1095,239,4,1099328
1097,239,4,1099324
1098,241,4,1099207.75
1100,242,4,1099254.5
1100,244,8,1099232
1100,245,4,1099235.75
1100,244,4,1099232
1100,244,4,1099232
1099,244,4,1099231.75
1099,241,4,1099206.5
1100,242,4,1099254.5
1099,244,8,1099231.75
1097,245,4,1099218.5
1095,245,4,1099140
1093,246,8,1099149.25
1093,246,4,1099149.25
1094,246,4,1099138.5
1070,465,47.3999999999651,1138173.25
1068,467,3.90000000002328,1138165.25
1067,465,4,1138118.5
1067,458,3.90000000002328,1138211.75
1067,461,3.89999999996508,1138230.5
1067,456,4,1138213.25
1067,456,3.90000000002328,1138213.25
1068,451,3.89999999996508,1138421.25
1069,452,4,1138401.25
1068,449,3.90000000002328,1138425.25
1068,448,3.90000000002328,1138426.5
1069,449,4,1138424
1069,449,7.79999999998836,1138424
1069,448,4,1138427.75
1068,450,3.89999999996508,1138422.5
1069,447,7.90000000002328,1133326.5
1069,448,3.90000000002328,1138427.75
1069,450,3.89999999996508,1138423.75
1067,453,7.90000000002328,1138396
1065,455,3.89999999996508,1138390.5
1064,458,4,1138220
1063,460,7.80000000004657,1138245.25
1062,465,4,1138109.25
1059,472,3.89999999996508,1138031.75
1058,476,7.79999999998836,1138012
1056,478,4,1138006.5
1054,484,3.90000000002328,1136622.5
1055,488,7.90000000002328,1136405.25
1053,487,3.89999999996508,1136614.5
1053,483,3.90000000002328,1136628
1052,485,4,1136611.75
1052,486,3.89999999996508,1136612
1053,484,3.90000000002328,1136609.25
1055,481,4,1136638.5
1056,480,3.90000000002328,1136640
1056,480,3.89999999996508,1136640
1060,479,4,1137999.75
1060,477,3.90000000002328,1137995.75
1059,477,3.89999999996508,1138014.5
1060,475,4,1138037.25
1061,477,3.90000000002328,1137992
1061,478,3.90000000002328,1137997.25
1063,478,4,1137987.75
1065,480,4,1136705.25
1064,482,4,1136708
1062,484,4,1136686.5
1060,488,4,1136858.5
1058,491,4,1136865.25
1059,492,4,1136885.25
1059,493,8,1136886.5
1058,498,4,1136904
1057,502,4,1136957.25
1059,500,7.89999999996508,1136949.25
1058,503,4,1136945.25
1057,506,4,1136973.25
1055,509,8,1136300
1055,512,4,2009429.25
1056,513,4,2008747.75
1056,518,8,2008766.5
1058,519,4,2008763.75
1058,521,4,2008781.25
1057,522,7.90000000002328,2008775.75
1056,524,4,2008826.5
1055,522,4,2009403.75
1054,522,8,2009400
1054,523,4,2009401.25
1054,521,3.89999999996508,2009405.25
1053,521,4,2009394.5
1053,520,4,2009393.25
1052,518,4,2009414.5
1051,518,4,2009465.25
1051,519,3.90000000002328,2009466.5
1051,518,4,2009465.25
1053,516,4,2009419.75
1056,517,4,2008753.25
1058,521,4,2008781.25
1060,518,4,2008710.5
1060,518,3.90000000002328,2008710.5
1062,520,4,2008788
1062,520,4,2008788
1063,519,4,2008704
1064,520,4,2008618.5
1064,518,3.89999999996508,2008702.5
1064,520,4,2008618.5
1065,522,4,2008615.75
1064,521,4,2008617.25
1064,521,7.90000000002328,2008617.25
1063,520,4,2008789.25
1061,520,4,2008787.75
1060,520,8,2008784
1060,518,4,2008710.5
1059,519,3.89999999996508,2008762.5
1059,517,8,2008758.5
1059,516,4,2008757.25
1058,516,4,2008756
1058,515,8,2008737.25
1057,515,4,2008750.5
1057,514,4,2008749.25
1056,512,8,2008746.5
1058,509,4,1136989.25
1059,505,4,1136966.5
1059,507,8,1136970.5
1060,503,4,1136943.75
1059,502,4,1136947.75
1059,499,4,1136906.5
1058,497,4,1136909.25
1058,498,4,1136904
1058,494,3.90000000002328,1136888
1059,493,4,1136886.5
1059,495,4,1136890.5
1059,498,4,1136907.75
1059,499,4,1136906.5
1059,504,4,1136965.25
1059,507,4,1136970.5
1059,510,4,1136987.75
1059,518,4,2008761.25
1058,520,4,2008782.5
1057,522,4,2008775.75
1058,526,4,2008818.5
934,616,39.9000000000233,776406.5
937,610,4,776263.75
940,619,4,776351.75
939,625,8,776686.5
943,630,4,776643.75
944,631,4,776767.75
942,631,8,776641.25
941,635,4,776628
943,635,4,776624
943,633,8,776638.5
945,633,4,776770.5
946,635,4,776779.75
942,659,8.09999999997672,730971.75
942,648,4,730686.5
940,657,4,730961.25
936,661,8,731003.75
935,671,4,731072
932,673,4,729779.75
931,679,4,729744
929,681,4,729704
928,684,4.09999999997672,729690.5
928,686,4,729686.5
926,690,8,732760
927,689,4,732758.5
927,691,4,732762.5
926,693,4,732775.75
926,693,4,732775.75
925,693,4,732770.5
925,692,4.10000000003492,732771.75
926,683,8,732571.75
927,679,4,732522.5
930,674,4,729762.5
930,671,8,731131.75
931,662,4,730907.75
933,660,4,730913.25
933,661,8.09999999997672,730914.5
933,656,4,730939.75
934,652,4,730852
936,651,4,730661.25
936,662,4,731004
938,654,4,730642.5
933,657,4,730936
934,659,8,730931.75
931,658,4.10000000003492,730889.25
928,660,4,730896
931,664,8,731109.25
928,664,4,731114.5
928,664,4,731114.5
928,664,4,731114.5
926,663,4,731369.25
927,662,4,731371.75
926,670,4.09999999997672,731138.5
928,660,4,730896
928,657,4,730881.25
930,655,4,730865.25
931,651,4,730826.5
930,646,4,730808
932,646,4,730758.5
932,641,4,730779.75
932,638,4,776548
933,638,4,776551.75
931,634,4.09999999997672,776521.25
931,631,4,776496
930,629,4,776503.75
931,629,4,776500
928,624,4,776448
927,623,3.90000000002328,775936
928,624,7.90000000002328,776448
926,622,3.89999999996508,775938.5
552,615,43.2999999999884,530559.75
549,616,3.90000000002328,530649.25
546,614,3.90000000002328,530456
541,614,7.89999999996508,530407.75
538,615,3.90000000002328,530393.25
537,615,3.89999999996508,530390.5
537,613,4,530386.5
535,614,3.90000000002328,530307.75
534,615,3.90000000002328,530305.25
531,616,3.89999999996508,530287.75
531,616,4,530287.75
529,619,3.90000000002328,530276
530,618,3.89999999996508,530274.5
530,618,4,530274.5
531,617,3.90000000002328,530286.5
531,616,3.90000000002328,530287.75
532,613,3.89999999996508,530315.75
532,613,4,530315.75
533,611,3.90000000002328,530358.5
535,609,3.89999999996508,530364
536,607,4,529087.75
536,605,3.90000000002328,529083.75
537,602,3.90000000002328,529031.75
537,600,3.89999999996508,529025.25
538,598,4,529010.5
537,596,3.90000000002328,529017.25
538,594,3.89999999996508,528968
538,594,4,528968
539,593,3.90000000002328,528972
539,592,7.79999999998836,528975.75
537,592,4,528961.25
538,590,3.90000000002328,528818.5
536,592,7.89999999996508,528960
535,591,3.90000000002328,528832
535,592,3.90000000002328,528959.75
535,596,7.89999999996508,528943.75
536,600,3.90000000002328,529024
535,599,3.89999999996508,528938.5
536,600,7.90000000002328,529024
535,601,3.90000000002328,529108
536,601,4,529027.75
536,602,8,529028
538,601,4,529037.25
538,602,4,529032
538,603,4,529033.25
538,602,4,529032
539,601,4,529036
539,600,4,529039.75
542,600,4,529044
543,602,4,529049.25
543,602,4,529049.25
542,604,4,529060
542,606,4,529064
542,607,4,529067.75
542,609,4,530429.25
564,497,40.0999999999767,872627.75
568,495,4,872725.25
571,495,4,872720
573,493,8,872712
572,493,4,872715.75
573,491,4,872758.5
573,489,8,872754.5
570,488,4,872748
567,489,4,872918.5
565,488,8,872915.75
563,489,4,872908
563,489,4,872908
561,490,8,872903.75
561,493,4,872952
559,497,4,873302.5
561,497,8,872616
560,500,4,872602.5
561,503,4,872596
561,505,8,872552
562,508,4,872540
562,511,4,872531.75
565,514,8,525623.75
566,517,4,525613.25
567,520,4.09999999997672,525781.25
570,521,4,525709.25
572,521,4,525713.25
573,521,4,525714.5
572,522,4,525726.5
572,525,8,525729.25
571,526,4,525747.75
571,528,4,525903.75
572,530,4,525918.5
571,529,4,525900
570,530,4,525896
569,530,4,525895.75
566,531,8,525875.75
566,535,4,525865.25
563,535,4,525850.5
563,537,8,526052
563,538,4,526051.75
564,541,4,526025.25
564,543,8,526021.25
563,545,4,526598.5
562,545,4,526599.75
563,549,4,526620
561,548,4,526609.25
563,549,4,526620
561,548,4,526609.25
613,401,48,884146.5
617,397,4,884274.5
620,400,4,884218.5
621,396,4,884235.75
621,393,4,884248
622,390,4,884456
624,388,4,884538.5
625,389,4,884536
626,390,4,884530.5
626,390,4,884530.5
623,391,4,884458.5
624,391,4,884543.75
623,393,8,884244
624,394,4,884558.5
622,396,4,884236
621,400,8,884219.75
621,404,4,884193.25
621,406,4,884199.75
621,413,8,883976
619,413,3.90000000002328,884022.5
616,418,3.90000000002328,882756
618,421,7.89999999996508,882807.75
618,422,3.90000000002328,882802.5
617,423,3.89999999996508,882814.5
618,421,7.90000000002328,882807.75
618,420,3.90000000002328,882806.5
619,418,4,882763.75
616,413,7.79999999998836,884017.25
615,406,4,884099.75
614,401,3.89999999996508,884157.25
615,398,3.90000000002328,884291.75
617,395,4,884270.5
618,392,3.90000000002328,884262.5
617,389,3.89999999996508,884434.5
617,385,4,884418.5
616,384,3.90000000002328,884416
615,382,3.89999999996508,885059.75
615,380,3.90000000002328,885061.25
616,379,4,885039.75
615,380,3.90000000002328,885061.25
615,381,3.89999999996508,885060
614,384,4,884414.5
613,389,3.90000000002328,884360
611,393,3.89999999996508,884334.5
611,398,4,884305.25
611,397,3.90000000002328,884318.5
611,396,3.90000000002328,884319.75
612,396,4,884298.5
609,394,3.89999999996508,884327.75
611,394,7.90000000002328,884321.25
614,396,3.89999999996508,884294.5
635,290,43.2000000000116,900041.25
638,293,4,900077.25
638,287,3.90000000002328,900097.25
638,285,7.89999999996508,900103.75
639,286,3.90000000002328,900099.75
640,282,3.90000000002328,901454.5
640,283,7.89999999996508,901455.75
639,280,3.90000000002328,900159.75
638,281,4,900157.25
637,280,3.89999999996508,900145.25
637,279,3.90000000002328,900164
636,278,4,900166.5
635,275,4,900192
635,275,4,900192
634,273,4,900199.75
632,272,4,900202.5
632,272,4,900202.5
630,269,4,900973.25
628,267,4,900981.25
626,268,4,900958.5
626,270,4,900952
623,270,4,900609.25
622,270,4,900610.5
619,272,4,900549.25
618,274,4,900552
615,278,4,900483.75
615,279,4,900480
613,280,4,900465.25
611,283,8,900448
610,286,4,900434.5
611,287,4,900432
609,286,8.09999999997672,900439.75
609,288,4,899075.75
608,289,4,899073.25
609,290,8,899085.25
609,287,4,900436
611,288,4,899077.25
611,286,8,900433.25
612,286,4,900428
612,285,4,900427.75
613,282,8,900471.75
613,281,4,900466.5
616,279,4,900565.25
617,279,8,900566.5
618,277,4,900573.25
538,246,36,939128
538,241,4,939111.75
534,241,4,939159.75
535,238,4,939883.75
532,239,4,939877.25
532,238,4,939876
529,235,4,939852
530,240,4,939174.5
531,242,4,939171.75
533,243,4,939166.5
533,245,4,939144
533,246,4,939143.75
533,247,8,939140
536,248,4,939050.5
536,249,4,939049.25
538,250,8,939042.5
538,252,4,939036
539,253,4,939038.5
542,256,8,895998.5
544,258,3.90000000002328,896014.5
544,259,4,896015.75
545,260,8,896017.25
545,261,4,896018.5
544,262,4,896020
546,260,8,896030.5
546,260,4,896030.5
545,258,4,896013.25
547,254,8,939001.25
550,252,4,938956
548,252,4,938954.5
547,248,8,938981.25
546,246,4,938776
546,245,4,938781.25
545,244,8,938769.25
547,243,4,938762.5
546,244,4,938782.5
544,245,8,938771.75
544,248,4,938986.5
544,251,4,938991.75
542,250,4,939064
540,250,4,939060
540,253,4,939019.75
540,256,8,895984
540,257,4,895987.75
539,259,4,895968
540,263,4,895951.75
541,264,8,895931.75
541,263,4,895950.5
540,260,4,895946.5
539,259,8,895968
539,261,4,895966.5
540,260,4,895946.5
539,261,8,895966.5
538,260,4,895964
538,257,4,895981.25
538,263,7.90000000002328,895955.75
538,257,4,895981.25
536,259,4,895973.25
397,270,31.5,147623.75
392,269,4,147603.75
388,269,3.89999999996508,147555.75
387,271,4,147546.5
386,271,3.90000000002328,147545.25
384,273,3.89999999996508,148395.75
383,272,4,147199.75
380,274,3.90000000002328,147188
379,274,4,147169.25
378,273,3.90000000002328,147181.25
376,272,3.89999999996508,147178.5
372,272,4,146960
371,272,3.90000000002328,146959.75
370,272,3.89999999996508,146958.5
369,270,4,147287.75
367,270,3.90000000002328,146601.25
366,269,7.90000000002328,146599.75
366,268,3.89999999996508,146596
365,265,4,146578.5
365,262,7.90000000002328,146541.25
364,261,3.89999999996508,146529.25
363,256,3.90000000002328,146511.75
364,252,7.90000000002328,115616
364,250,3.89999999996508,115614.5
364,246,4,115566.5
363,244,7.90000000002328,115573.25
362,242,3.89999999996508,115528
362,242,3.90000000002328,115528
361,241,7.90000000002328,115522.5
361,242,4,115527.75
361,242,3.89999999996508,115527.75
361,243,3.90000000002328,115526.5
358,247,4,115497.25
360,254,3.89999999996508,115644
360,258,3.90000000002328,146500
360,260,4,146554.5
359,260,3.90000000002328,146479.75
360,264,4,146560
360,264,3.89999999996508,146560
360,267,3.90000000002328,146565.25
362,268,4,146614.5
361,269,3.89999999996508,146616
362,268,4,146614.5
363,268,3.90000000002328,146613.25
363,267,4,146570.5
364,265,4,146577.25
365,264,4,146579.75
364,266,4,146590.5
366,270,4,146600
365,271,4,146604
366,275,4,146937.25
365,277,4,146888
365,279,4,146894.5
254,303,43.9000000000233,218025.25
249,304,4,217193.25
250,306,3.89999999996508,217186.5
244,305,8,217243.75
244,307,4,217247.75
243,310,4,217273.25
241,313,8,217282.5
238,315,4,217361.25
238,317,4,217357.25
237,319,4,217348
239,322,3.90000000002328,216153.25
237,321,4,216146.5
236,322,4,216158.5
237,321,4,216146.5
237,324,4,216163.75
237,325,4,216162.5
236,325,4,216161.25
235,324,4,216181.25
235,322,3.89999999996508,216139.75
234,320,4,216142.5
234,320,4,216142.5
234,319,4,217403.75
235,318,4,217401.25
235,318,4,217401.25
237,318,4,217351.75
238,317,4,217357.25
240,317,3.90000000002328,217339.75
240,316,4,217338.5
245,319,8,217324
247,321,4,217020
248,324,4,217040
249,326,8,217047.75
249,328,3.90000000002328,216873.25
249,328,4,216873.25
246,332,8,216902.5
246,331,4,216953.25
247,334,4,216899.75
245,335,8,216910.5
245,336,4,216595.75
244,335,4,216911.75
243,335,8,216912
243,336,4,216591.75
243,337,4,216588
243,337,8,216588
242,338,4,216584
243,339,4,216586.5
242,338,4,216584
240,339,4,216581.25
240,340,4,216634.5
240,343,4,216639.75
238,345,4,216509.25
238,346,4,216498.5
236,346,4,216502.5
236,345,4,216505.25
235,345,4,216454.5
235,346,4,216457.25
235,345,4,216454.5
234,343,4,216531.75
234,344,4,216452
234,345,4,216455.75
234,345,4,216455.75
234,342,4,216530.5
233,340,4,216539.75
233,340,4,216539.75
233,341,4,216536
233,343,8,216532
233,343,4,216532
150,607,48,292929.25
151,606,4,292931.75
147,614,8,294171.75
148,617,4,294363.75
148,622,4,294342.5
144,626,8,294414.5
143,626,4,294739.75
143,630,4,294721.25
146,633,3.89999999996508,294631.75
147,636,3.90000000002328,294645.25
148,637,4,294601.25
151,640,3.89999999996508,295231.75
150,642,3.90000000002328,295218.5
153,644,4,295289.25
155,647,3.90000000002328,295280
154,647,3.89999999996508,295281.25
156,647,4,295279.75
156,648,3.90000000002328,295312
159,646,3.89999999996508,295273.25
161,644,4,298651.75
162,643,3.90000000002328,298659.75
164,641,3.90000000002328,298675.75
165,637,4,291144
167,638,3.89999999996508,291139.75
170,633,7.90000000002328,291111.75
170,631,3.89999999996508,291289.25
171,631,3.90000000002328,291290.5
172,630,4,291300
174,629,3.90000000002328,291309.25
174,629,3.89999999996508,291309.25
174,629,4,291309.25
176,629,7.79999999998836,290993.25
175,631,4,291306.5
175,633,3.90000000002328,291092
176,635,7.90000000002328,291013.25
176,639,3.89999999996508,291071.75
176,642,3.90000000002328,298756
177,645,7.89999999996508,298808
177,647,3.90000000002328,298814.5
177,652,4,298833.25
178,656,7.79999999998836,298150.5
178,657,4,298151.75
178,660,3.90000000002328,298164
178,663,3.89999999996508,298171.75
179,666,4,298187.75
179,669,3.90000000002328,298228
177,670,3.90000000002328,298237.25
176,666,4,298180
176,669,3.89999999996508,298235.75
176,668,3.90000000002328,298234.5
175,668,3.89999999996508,298255.75
173,667,4,298270.5
172,665,3.90000000002328,298267.75
171,664,3.90000000002328,298277.25
170,659,4,298443.75
169,658,3.89999999996508,298445.25
167,656,3.90000000002328,298431.75
168,652,4,298544
169,652,4,298547.75
169,650,4,298541.25
168,646,4,298708
166,643,4,298681.25
166,642,7.89999999996508,298680
165,642,4,298679.75
119,723,44,314906.5
112,727,4,314943.75
105,727,4,314836
103,730,8,314737.25
101,735,4,314726.5
99,734,3.90000000002328,314715.75
96,735,8,314709.25
94,738,4,313336
90,740,4,313308
86,740,4,313124
87,741,4,313126.5
85,743,4,313132
80,744,4,313152
80,746,4,313166.5
76,749,4,312841.25
74,747,4,312865.25
71,747,4,312954.5
71,752,4,312767.75
70,753,4,312765.25
70,752,4,312766.5
72,755,4,312783.75
72,757,4,312787.75
71,757,4,312708
73,757,4,312786.5
74,758,3.90000000002328,312792
76,757,4,312803.75
77,760,4,312601.25
77,760,4,312601.25
79,760,8,312597.25
80,761,4,312515.75
82,762,4,312520
81,761,8,312514.5
81,760,4,312513.25
80,761,4,312515.75
80,761,8,312515.75
80,761,4,312515.75
79,760,4,312597.25
82,760,8,312526.5
83,762,4,312523.75
81,763,4,312518.5
83,762,8,312523.75
82,761,4,312525.25
85,761,4,312530.5
85,760,4,312531.75
85,758,4,312455.75
86,759,4,312451.75
86,761,4,312535.75
552,919,52,608127.75
549,923,4,608220
555,927,4,608016
552,929,4,608489.25
550,928,4,608276
551,931,4,608282.5
551,933,4,608294.5
552,936,8,608384
551,938,4,608369.25
545,943,4,608342.5
544,946,8,609196
543,947,4,609520
544,950,4,609214.5
546,950,8,609208
543,953,4,609300
547,953,4,609228
548,955,8,609247.75
550,957,4,609255.75
557,956,4,609033.25
555,956,8,609055.75
559,952,4,609087.75
562,949,4,608797.25
565,948,4,608801.25
566,942,4,608706.5
565,940,3.89999999996508,608715.75
566,938,4,608722.5
565,936,4,608729.25
564,950,4,608804
424,1104,4,3766122.5
