x,y,t,h
972,531,4,784885.25
972,529,4,784889.25
971,527,4,784954.5
970,526,4,784952
970,525,4,784951.75
970,525,4,784951.75
970,525,4,784951.75
971,524,4,784949.25
972,522,4,784924
973,521,4,784920
974,520,8,784918.5
974,521,4,784919.75
974,523,4,784913.25
973,524,8,784907.75
973,525,4,784904
972,527,4,784901.25
971,527,4,784954.5
971,528,7.89999999999418,784837.25
970,529,4,784839.75
970,530,4,784840
969,530,8,784845.25
969,530,4,784845.25
968,530,4,784846.5
967,530,8,784827.75
967,529,4,784828
966,529,4,784829.25
967,528,8,784831.75
967,528,4,784831.75
967,530,4,784827.75
968,530,4,784846.5
969,531,4,784844
971,532,4,784863.75
969,533,4,784850.5
972,533,4,784867.75
971,533,4,784860
971,532,3.79999999998836,784863.75
970,531,3.89999999999418,784843.75
970,530,3.90000000002328,784840
969,529,3.79999999998836,784834.5
969,525,3.89999999999418,784946.5
967,523,3.80000000001746,785018.5
965,521,3.89999999999418,785010.5
965,522,3.89999999999418,785015.75
965,520,3.79999999998836,785009.25
964,518,7.70000000001164,785036
964,518,3.89999999999418,785036
962,517,3.89999999999418,785053.25
962,517,7.70000000001164,785053.25
962,516,3.89999999999418,785052
961,517,3.80000000001746,785048
958,518,7.79999999998836,771432
954,518,3.79999999998836,771442.5
946,518,3.90000000002328,771352
932,518,7.69999999998254,771118.5
921,519,3.89999999999418,771030.5
928,519,3.80000000001746,771135.75
924,520,7.79999999998836,770842.5
914,521,3.80000000001746,770925.25
913,521,3.89999999999418,770920
910,522,7.69999999998254,770200
909,522,3.90000000002328,770205.25
905,522,3.79999999998836,770183.75
904,522,3.89999999999418,770180
904,520,3.89999999999418,770176
905,519,3.80000000001746,770174.5
905,518,3.89999999999418,770173.25
905,516,3.89999999999418,770169.25
905,514,3.80000000001746,770119.75
905,512,3.89999999999418,770113.25
905,511,3.89999999999418,791868
904,509,3.79999999998836,791857.25
902,507,3.90000000002328,791929.25
900,506,3.79999999998836,791924
897,505,3.89999999999418,791912
895,507,3.89999999999418,846490.5
893,505,3.80000000001746,846482.5
891,506,3.89999999999418,846475.75
888,508,3.89999999999418,846522.5
888,509,3.80000000001746,846523.75
886,510,3.89999999999418,846530.5
884,513,3.89999999999418,769809.25
882,514,7.70000000001164,769800
881,516,3.89999999999418,769849.25
881,518,3.79999999998836,769853.25
879,521,7.70000000001164,769556
877,522,4,769565.25
874,526,4,769592
872,528,8.10000000000582,769472
871,532,4,769413.25
868,533,4,769419.75
865,536,8,769387.75
865,537,4,769384
863,539,4,766618.5
861,542,8,766637.25
860,543,4,766639.75
858,543,4,766641.25
858,544,8,767940
858,544,4,767940
857,545,4,767938.5
856,545,4,767937.25
856,545,4,767937.25
857,544,4,767939.75
856,545,4,767937.25
855,545,4,767932
857,544,4,767939.75
857,545,4,767938.5
858,546,4,767944
860,545,4,767993.25
863,544,4,767999.75
865,544,4,768003.75
866,545,4,768007.75
866,547,4,768011.75
866,548,4,768030.5
867,548,4,768031.75
867,548,4,768031.75
867,550,4,768027.75
730,559,32.0999999999767,548115.75
730,561,4,548039.75
729,562,4,548045.25
724,567,8,547983.75
722,570,4,547938.5
722,572,4,547932
720,575,8,547925.25
719,577,4,548950.5
716,579,4,548959.75
715,579,8,548938.5
715,579,4,548938.5
714,580,4,548982.5
712,580,4,548986.5
711,581,4,548908
711,581,4,548908
710,581,4,548909.25
709,581,4,548898.5
709,580,4,548897.25
708,580,3.90000000002328,548896
709,579,4,548916
709,579,4,548916
709,578,4,548919.75
709,578,4,548919.75
709,577,4,548920
709,576,4,548923.75
710,576,4,548924
711,576,4,548927.75
713,578,4,548935.75
714,579,4,548937.25
716,581,4,548961.25
932,528,59.8999999999942,771994.5
935,526,4,771179.75
936,523,4,771215.75
939,524,8,771231.75
942,521,4,771261.25
944,520,4,771562.5
947,521,8,771556
949,523,4,771550.5
950,522,4,771538.5
950,522,8,771538.5
951,522,4,771539.75
953,524,4,771513.25
953,524,8,771513.25
955,525,4,771508
955,526,4,771507.75
955,526,4,771507.75
954,528,4,771662.5
955,528,3.89999999999418,771663.75
954,528,4,771662.5
954,529,4,771661.25
954,530,4,771656
955,531,4,771658.5
954,531,4,771657.25
955,532,4,771701.25
955,533,3.89999999999418,771700
955,534,3.89999999999418,771699.75
956,535,3.90000000002328,771695.75
957,535,7.89999999999418,771692
1447,258,51.1000000000058,1240113.25
1454,254,4,1260290.5
1457,248,7.79999999998836,1260265.25
1463,246,4,1260075.75
1468,244,3.89999999999418,1260128
1468,243,7.89999999999418,1260127.75
1468,239,3.90000000002328,1259951.75
1469,239,4,1259948
1469,236,3.89999999999418,1259939.75
1469,236,3.89999999999418,1259939.75
1469,237,4,1259938.5
1470,237,3.89999999999418,1259943.75
1470,237,3.89999999999418,1259943.75
1467,237,4,1259956
1466,239,3.90000000002328,1259953.25
1464,240,3.89999999999418,1260096
1462,242,4,1260082.5
1460,244,3.89999999999418,1260064
1459,245,3.89999999999418,1260060
1459,245,4,1260060
1458,246,3.89999999999418,1260056
1456,247,3.90000000002328,1260053.25
1458,247,4,1260057.25
1459,248,3.89999999999418,1260261.25
1459,249,3.89999999999418,1260260
1458,248,4,1260262.5
1460,247,3.89999999999418,1260069.25
1460,248,7.89999999999418,1260250.5
1461,248,3.90000000002328,1260249.25
1463,246,3.89999999999418,1260075.75
1461,246,7.89999999999418,1260071.75
1463,246,3.89999999999418,1260075.75
1465,246,4,1260157.25
1555,208,67.8000000000175,1331717.25
1553,207,4,1331708
1553,206,4,1331709.25
1551,206,4,1331371.75
1549,204,4,1331361.25
1551,205,4,1331372
1550,204,4,1331374.5
1549,203,4,1331380
1549,204,4,1331361.25
1551,203,4,1331376
1551,204,4,1331375.75
1552,204,4,1331696
1552,203,4,1331695.75
1554,203,4,1331681.25
1556,203,4,1331679.75
1558,203,4,1331665.25
1559,202,4,1331667.75
1560,200,4,1331584
1561,199,4,1331582.5
1561,198,8,1331581.25
1559,197,4,1331500
1560,196,4,1331578.5
1560,195,8,1331525.25
1560,194,4,1331524
1557,194,4,1331511.75
1556,193,8,1331513.25
1554,192,4,1331460
1550,192,4,1331454.5
1549,194,8,1331447.75
1546,194,4,1331426.5
1544,196,4,1331418.5
1541,198,8,1331245.25
1539,199,4,1331248
1535,201,4,1249044
1535,202,4,1249043.75
1533,205,4,1249032
1530,207,4,1249083.75
1530,209,4.09999999997672,1249005.25
1530,211,4,1248995.75
1533,213,4,1248968
1537,213,4,1332146.5
1541,214,4,1332103.75
1545,215,4,1332092
1546,215,4,1332091.75
1547,214,4,1332089.25
1550,213,4,1332045.25
1553,212,3.90000000002328,1331729.25
1556,209,4,1331769.25
1556,205,4,1331657.25
1559,203,4,1331664
1559,202,4,1331667.75
1560,201,4,1331587.75
1559,200,4,1331669.25
1559,197,8,1331500
1561,198,4,1331581.25
1563,196,4,1331573.25
1564,197,8,1331553.25
1566,195,4,1331547.75
1566,195,4,1331547.75
1567,195,8,1331546.5
1567,193,4,1331542.5
1567,194,4,1331545.25
1568,193,8,1334953.25
1568,190,4,1330172
1568,191,4,1330175.75
1567,188,8,1330191.75
1566,187,4,1330193.25
1565,188,4,1330187.75
1563,186,8,1330211.75
1562,186,4,1330210.5
1561,185,4,1330216
1560,186,4,1330220
1560,184,4,1330218.5
1559,184,4,1330303.75
1559,185,4,1330300
1559,184,4,1330303.75
1558,186,4,1330296
1558,187,4,1330297.25
1559,188,4,1330245.25
1559,188,4,1330245.25
1560,190,4,1330238.5
1560,192,4,1331520
1561,194,4,1331527.75
1561,197,4,1331576
1561,198,4,1331581.25
1561,200,4,1331585.25
1561,203,4,1331590.5
1561,205,4,1331640
1562,207,4,1331633.25
1562,207,4,1331633.25
1563,208,8,1331791.75
1564,209,4,1331793.25
1565,209,4,1331794.5
1565,209,8,1331794.5
1565,209,4,1331794.5
1565,209,4,1331794.5
1566,208,8.09999999997672,1331796
1567,207,4,1331626.5
949,494,64,791021.25
951,492,4,791013.25
951,495,8,791018.5
953,495,4,790804
959,496,4,790783.75
960,499,4,790447.75
957,502,4,790759.75
961,504,4,790465.25
965,504,4,790483.75
966,507,8,790491.75
966,509,4,790503.75
966,512,4,785086.5
967,516,8,785029.25
969,518,4,785111.75
971,522,4,784931.75
970,524,8,784948
970,527,4,784955.75
970,529,4,784839.75
971,533,8,784860
970,535,4,784857.25
970,536,4,784678.5
971,538,8,784675.75
973,538,4,784669.25
973,539,4,784670.5
974,540,4,784652
973,542,4,784647.75
974,542,4,784642.5
974,545,4,784125.25
975,545,8,784126.5
975,546,4,784113.25
975,547,3.90000000002328,784112
976,546,4,784132
975,545,3.89999999999418,784126.5
975,546,3.89999999999418,784113.25
975,546,4,784113.25
975,545,3.89999999999418,784126.5
974,542,3.89999999999418,784642.5
972,543,4,784645.25
971,542,3.90000000002328,784697.25
970,540,4,784692
969,539,3.89999999999418,784686.5
968,537,3.89999999999418,784683.75
966,535,4,784769.25
965,535,3.89999999999418,784782.5
964,534,3.89999999999418,784780
964,532,4,784778.5
963,533,3.90000000002328,784798.5
963,533,3.89999999999418,784798.5
963,531,4,784800
962,529,3.89999999999418,784813.25
960,527,7.89999999999418,784981.25
959,525,3.89999999999418,771494.5
958,523,4,771483.75
958,522,7.80000000001746,771480
956,519,4,771439.75
955,518,3.89999999999418,771443.75
953,516,7.89999999999418,771449.25
953,513,3.89999999999418,771394.5
952,511,3.90000000002328,790591.75
951,510,7.89999999999418,790595.75
951,507,3.89999999999418,790650.5
951,508,4,790597.25
951,507,7.79999999998836,790650.5
951,508,4,790597.25
953,508,3.90000000002328,790579.75
955,507,7.89999999999418,790560
956,507,3.89999999999418,790559.75
958,507,3.89999999999418,790545.25
960,506,4,790468
961,507,3.89999999999418,790470.5
963,505,3.90000000002328,790476
964,505,4,790481.25
966,504,3.89999999999418,790484
967,504,3.89999999999418,790485.25
967,502,4,790401.25
968,502,3.89999999999418,790398.5
968,504,3.89999999999418,790314.5
968,505,4,790313.25
968,505,3.90000000002328,790313.25
967,506,3.89999999999418,790489.25
966,508,4,790500
965,510,4,790509.25
965,511,4,790508
965,512,4,785073.25
966,512,4,785086.5
821,597,187.5,761378.5
818,594,4,761352
818,597,4,761399.75
818,598,8,761394.5
818,598,4,761394.5
817,598,4,761405.25
819,599,8,761392
820,599,4,761391.75
820,599,4,761391.75
819,599,8,761392
821,597,4.10000000000582,761378.5
821,597,4,761378.5
822,597,8,761383.75
821,595,4,761372
822,594,4,761368
822,594,4,761368
823,592,4,761365.25
822,594,4,761368
822,595,4,761371.75
822,593,4,761367.75
823,593,4,761366.5
665,652,44.0999999999767,557497.25
665,656,4,557633.25
665,657,4,557634.5
667,660,8,557685.25
663,662,4,557611.75
662,660,4,557614.5
664,659,8.10000000000582,557637.25
664,661,4,557691.75
665,661,4,557688
665,660,8,557689.25
665,660,4,557689.25
666,659,4,557641.25
666,659,8,557641.25
667,658,4,557643.75
667,656,4,557647.75
667,655,8,557488
667,655,4.10000000000582,557488
667,656,4,557647.75
668,655,8,557487.75
668,655,4,557487.75
669,655,4,557484
670,655,8,557483.75
670,655,4,557483.75
671,654,4,557481.25
670,656,8,557652
543,691,48,585306.5
541,691,4,585308
539,695,8,585328
539,698,4,585355.75
535,699,4,585424
538,701,4,585399.75
538,703,8,585393.25
540,700,4,585376
540,702,4,585390.5
539,701,8,585396
539,700,4,585397.25
540,700,4,585376
540,701,8,585377.25
541,702,4,585389.25
542,702,4,585384
544,705,8,586755.75
544,707,4,586757.25
544,708,4,586810.5
545,711,4,586814.5
547,712,4,586821.25
548,715,4,586869.25
548,715,4,586869.25
547,716,4,586847.75
548,717,4,586851.75
548,716,4,586848
546,717,4,586845.25
546,716,3.89999999999418,586846.5
544,715,4,586831.75
541,714,4,586525.25
539,711,4,586714.5
537,709,4,586706.5
535,709,4,586628
532,708,4,586634.5
530,706,4,586658.5
528,705,4,586665.25
524,706,4,585822.5
524,704,4,585808
706,674,63.1000000000058,564898.5
705,670,7.89999999999418,561495.75
707,668,3.89999999999418,561503.75
708,666,3.90000000002328,561526.5
709,667,7.89999999999418,561524
709,669,3.89999999999418,561506.5
708,670,4,561508
708,672,3.89999999999418,564890.5
708,672,3.89999999999418,564890.5
706,673,3.90000000002328,564903.75
707,675,4,564896
707,676,3.89999999999418,564917.25
707,676,3.89999999999418,564917.25
707,675,4,564896
709,674,3.89999999999418,564893.25
710,673,3.89999999999418,564887.75
709,671,3.90000000002328,561510.5
709,672,4,564889.25
710,673,3.89999999999418,564887.75
711,673,3.89999999999418,564884
712,673,3.89999999999418,564843.75
711,672,4,564885.25
712,672,3.89999999999418,564842.5
712,672,3.90000000002328,564842.5
712,671,4,561557.25
712,672,3.89999999999418,564842.5
713,675,7.79999999998836,564846.5
714,676,4,564852
715,677,3.89999999999418,564854.5
715,675,7.90000000002328,564832
910,749,51,736775.75
913,757,3.89999999999418,736408
916,763,7.89999999999418,736373.25
913,762,4,736359.75
918,767,4,736321.25
921,770,4,715751.75
923,772,4,715743.75
924,769,4,715763.75
926,769,4,715773.25
924,771,4,715765.25
925,773,4,715720
926,774,4,715714.5
928,774,4,715796
929,773,4,715794.5
931,773,4,715804
932,771,4,715829.25
933,770,4,715831.75
933,768,4,715835.75
934,767,4,736235.75
934,766,4,736232
935,765,4,736230.5
934,765,4,736231.75
935,764,4,736229.25
934,767,4,736235.75
933,768,8,715835.75
933,769,4,715832
932,771,4,715829.25
932,772,8,715808
932,773,4,715811.75
933,773,4,715810.5
934,773,8,715821.25
936,773,4,715899.75
936,772,4,715898.5
936,772,8,715898.5
936,770,4,715844
960,889,36.1000000000058,708547.75
966,889,4,708567.75
967,891,4,708570.5
968,895,4,708373.25
970,896,4,703172
970,898,4,703176
970,900,4,703198.5
968,901,4,703187.75
968,900,4,703184
968,900,4,703184
967,902,4,703107.75
967,903,4,703104
966,904,4,703102.5
966,905,4,703101.25
967,904,4,703103.75
968,905,4,703019.75
969,905,4,703016
970,904,4,703014.5
971,904,4,703013.25
972,903,4,703205.25
973,902,8,703207.75
974,901,4,703213.25
975,900,4,703215.75
976,897,8,703235.75
977,897,4,703234.5
977,897,4,703234.5
977,896,8,703233.25
977,897,4,703234.5
978,897,4,703245.25
850,587,56.1000000000058,756169.25
849,585,4,756162.5
854,581,4,756109.25
852,580,4,756106.5
850,580,4,756148
851,579,4,756128
854,577,4,756119.75
852,578,4,756124
853,579,4,756126.5
855,583,4,756096
854,586,4,756184
855,588,4,756197.25
857,587,4,756004
854,590,4,756200
852,592,8,755888
850,593,4,755885.25
847,592,4,756565.25
845,591,8,756238.5
844,590,4,756236
845,591,4,756238.5
843,590,8,756241.25
842,588,4,756252
842,587,4,756259.75
840,588,8,756250.5
840,587,4,756261.25
840,587,4,756261.25
840,585,8,756265.25
840,586,4,756262.5
841,586,4,756263.75
841,586,8,756263.75
842,585,4,756269.25
843,584,4,756271.75
844,584,4,756272
843,585,4,756270.5
842,586,4,756258.5
842,586,4,756258.5
842,585,4,756269.25
843,587,4,756256
842,586,4,756258.5
841,586,4,756263.75
841,587,4,756260
841,587,4,756260
841,588,4,756251.75
842,589,4,756253.25
844,589,4,756235.75
847,589,4,756228
848,589,4,756219.75
851,589,4,756212
854,588,4,756196
855,587,4,756186.5
856,587,4,756005.25
856,587,8,756005.25
857,588,4,755995.75
855,586,4,756185.25
856,587,8,756005.25
855,587,4,756186.5
879,470,64,845633.25
880,467,4,845327.75
880,464,4,845312
880,463,4,845311.75
880,462,4,845310.5
882,462,4,845304
884,464,4,845370.5
885,468,4,845345.25
886,469,4,845357.25
887,472,4,845525.25
888,475,4,845445.25
887,477,4,845518.5
889,479,4,845502.5
890,481,4,846157.25
890,484,4,846198.5
892,483,4,846175.75
891,485,4,846196
892,482,8,846174.5
893,480,3.89999999999418,846163.75
894,476,4,845476
893,474,8,845469.25
893,470,4,845421.25
893,469,4,845410.5
891,463,8,845232
893,459,4,845212
890,457,4,845197.25
892,455,8,845167.75
891,453,4,845172
890,453,4,845175.75
891,453,8,845172
890,455,4,845169.25
890,456,4,845198.5
888,458,8,845188
887,460,4,845263.75
887,463,4,845248
885,465,4,845368
885,467,4,845364
883,469,4,845340
882,469,4,845341.25
882,469,4,845341.25
880,468,4,845328
880,466,4,845326.5
880,466,4,845326.5
882,464,4,845316
885,462,4,845255.75
887,461,4,845262.5
888,461,4,845243.75
890,459,4,845193.25
892,459,4,845215.75
891,456,4,845199.75
894,457,4,845207.75
895,457,4,845206.5
894,458,4,845208
895,458,4,845209.25
895,458,8,845209.25
894,457,4,845207.75
895,457,4,845206.5
896,457,8,793193.25
896,459,4,793189.25
989,489,60,789906.5
989,492,4,789923.75
991,494,4,789929.25
994,495,4,787027.75
995,495,4,787024
994,495,4,787027.75
994,494,4,787026.5
993,493,8,787032
992,493,3.89999999999418,787033.25
990,494,4,789928
989,493,4,789922.5
989,492,4,789923.75
989,491,4,789916
988,490,4,789918.5
987,488,4,789903.75
986,488,4,789902.5
987,486,4,789875.75
987,488,4,789903.75
988,487,4,789871.75
987,488,4,789903.75
988,489,4,789905.25
989,488,4,789907.75
989,488,8,789907.75
989,489,4,789906.5
990,489,4,789911.75
991,491,4,789914.5
992,490,4,787046.5
992,490,4,787046.5
993,490,4,787047.75
994,490,8,787042.5
995,488,4,787055.75
996,487,4,787087.75
997,488,8,787057.25
998,488,4,787070.5
999,488,4,787071.75
1000,489,7.79999999998836,786987.75
1001,488,4,786985.25
1002,489,3.90000000002328,786983.75
947,491,31.5,790986.5
943,488,3.89999999999418,791103.75
940,485,3.89999999999418,791113.25
938,485,4,791159.75
934,485,3.89999999999418,791181.25
931,484,3.89999999999418,791221.25
930,484,4,791220
929,487,3.90000000002328,791228
930,486,3.89999999999418,791224
931,484,4,791221.25
932,484,3.89999999999418,791178.5
933,482,3.89999999999418,791197.25
932,483,4,791199.75
931,484,3.89999999999418,791221.25
930,483,3.90000000002328,791201.25
931,481,4,791204
932,479,7.79999999998836,793957.25
933,478,4,793959.75
932,475,3.89999999999418,793973.25
932,476,7.89999999999418,793952
932,476,3.90000000002328,793952
933,476,3.89999999999418,793953.25
935,476,7.89999999999418,793967.75
936,476,3.89999999999418,794000
939,476,4,794015.75
940,476,7.80000000001746,794016
940,478,4,794020
941,479,3.89999999999418,794022.5
940,481,7.89999999999418,791131.75
942,483,3.89999999999418,791121.25
942,484,3.89999999999418,791116
942,484,4,791116
943,483,3.90000000002328,791120
942,484,3.89999999999418,791116
941,484,4,791115.75
940,484,3.89999999999418,791114.5
940,484,3.89999999999418,791114.5
940,483,4,791135.75
940,483,3.89999999999418,791135.75
941,483,3.90000000002328,791134.5
939,483,4,791136
939,483,4,791136
939,482,4,791139.75
938,482,4,791138.5
937,482,4,791149.25
938,482,4,791138.5
937,484,4,791155.75
937,484,4,791155.75
938,485,4,791159.75
937,486,4,791165.25
937,486,8,791165.25
938,484,4,791156
939,484,4,791157.25
938,485,8,791159.75
938,484,4,791156
939,486,4,791161.25
937,487,8,791164
938,485,4,791159.75
940,485,4,791113.25
938,486,8,791160
939,485,4,791158.5
938,485,4,791159.75
937,486,8,791165.25
937,486,4,791165.25
937,486,4,791165.25
937,485,8,791154.5
937,484,4,791155.75
937,484,4,791155.75
937,485,4,791154.5
935,486,3.89999999999418,791169.25
935,485,4,791182.5
934,485,4,791181.25
932,484,4,791178.5
933,484,4,791179.75
934,484,4,791180
935,483,4,791184
933,485,4,791176
933,485,4,791176
931,484,4,791221.25
931,482,4,791203.75
931,482,4,791203.75
930,482,4,791202.5
928,482,4,791212
929,482,4,791213.25
928,483,4,791215.75
928,482,4,791212
926,482,4,792568
926,481,8,792573.25
925,481,4,792562.5
926,480,4,792574.5
925,482,8,792567.75
925,481,4,792562.5
925,479,4,792590.5
925,479,8,792590.5
926,478,4,792578.5
926,478,4,792578.5
925,477,8,792584
925,477,4,792584
925,477,4,792584
925,477,8,792584
925,478,4,792589.25
926,478,4,792578.5
928,480,8,791210.5
928,481,4,791211.75
928,482,4,791212
928,484,4,791216
927,485,4,792516
929,487,4,791228
929,488,4,791233.25
931,489,4,791244
931,491,4,791242.5
932,491,4,791263.75
932,492,4,791264
933,491,4,791260
932,490,4,791262.5
933,490,4,791261.25
934,489,4,791255.75
935,487,4,791168
935,486,4,791169.25
935,484,4,791183.75
936,483,4,791151.75
935,481,4,791188
935,481,4,791188
934,480,4,791190.5
933,479,8,793958.5
934,479,4,793961.25
935,480,4,791189.25
935,485,8,791182.5
935,486,4,791169.25
938,489,4,791085.25
938,494,8,791058.5
938,496,4,791374.5
937,500,4,791417.25
940,503,8,791407.75
940,506,4,791454.5
941,507,4,791452
942,507,8,791451.75
941,508,4,791459.75
940,504,4,791440
940,501,8,791393.25
938,500,4,791414.5
937,497,4,791362.5
938,497,8,791373.25
938,494,4,791058.5
938,494,4,791058.5
938,492,4,791068
938,492,4,791068
939,492,4,791071.75
938,492,4,791068
940,493,8,791051.75
940,494,4,791052
941,494,4,791053.25
941,495,4,791054.5
941,493,4,791048
942,494,4,791042.5
941,493,4,791048
941,492,8,791049.25
940,491,4,791093.25
939,488,4,791087.75
939,486,8,791161.25
938,487,4,791163.75
937,484,4,791155.75
935,484,8,791183.75
935,483,4,791184
718,597,44,549319.75
726,598,4,549416
723,599,4,549424
719,602,4,549297.25
717,604,4,549281.25
719,607,4,549290.5
718,609,4,552535.75
719,610,4,552531.75
719,611,4,552528
718,610,4,552530.5
719,610,4.10000000000582,552531.75
718,610,4,552530.5
717,612,4,552523.75
716,612,4,552522.5
716,613,4,552521.25
716,612,4,552522.5
716,612,4,552522.5
715,611,3.89999999999418,552544
