x,y,t,h
977,669,4,727128
976,669,4,727129.25
974,672,4,728318.5
974,673,4,728317.25
973,672,4,728305.25
972,670,8,727982.5
972,668,4,727968
972,664,4,727952
972,659,8,727903.75
971,657,4,727884
969,653,4,727576
966,653,8,727783.75
963,652,4,727797.25
960,650,4,727748
960,646,8,727742.5
958,643,4,730449.25
656,708,51.9000000000233,571824
647,713,4,572118.5
645,716,4,572131.75
640,720,4,572160
634,720,4,577260
628,720,4,577040
626,721,4,577037.25
622,719,4,576683.75
621,717,4,576674.5
621,715,4,576668
621,714,4,576669.25
616,712,4,576640
616,707,8,576581.25
617,706,4,576583.75
619,704,4,576591.75
620,703,8,577797.25
623,701,4,577806.5
624,699,4,577733.25
625,698,8,577735.75
625,697,4,577730.5
626,696,4,577742.5
625,695,8,577724
626,694,4,577720
625,695,4,577724
625,694,8,577725.25
623,692,4,578031.75
623,691,4,578032
620,689,8,578041.25
617,688,4,577987.75
614,687,4,578113.25
613,685,8,578120
610,682,4,578146.5
608,680,4,578154.5
605,679,8,580972
603,677,4,580980
601,676,4,580985.25
601,675,8,580934.5
600,672,4,580928
599,671,4,579648
599,670,8,579651.75
600,668,4,579632
600,667,4,579631.75
599,667,4,579706.5
602,663,4,579801.25
604,661,4,579811.75
604,659,4,579829.25
605,655,8,579854.5
605,652,4,579849.25
606,651,4,579897.25
607,649,8,579900
607,647,4,579904
607,645,4,579918.5
608,643,8,579247.75
609,642,4,579245.25
608,641,4,579243.75
607,641,8,579924
606,640,4,579926.5
605,639,4,534182.5
606,639,4,534185.25
606,637,4,534189.25
605,637,4,534178.5
600,638,4,534164
597,638,4,534119.75
597,640,3.89999999999418,579993.25
586,642,3.89999999999418,580194.5
579,645,4,580278.5
571,649,3.89999999999418,582958.5
568,652,4,582938.5
556,656,3.89999999999418,583504
551,658,3.90000000002328,583473.25
545,662,4,583447.75
538,663,3.89999999999418,583897.25
537,664,4,583721.25
534,665,3.89999999999418,583805.25
531,665,3.89999999999418,583790.5
528,665,4,583785.25
527,664,3.89999999999418,584597.25
526,662,4,584552
524,660,3.90000000002328,584544
524,659,3.89999999999418,584543.75
524,657,4,584529.25
525,655,3.89999999999418,584206.5
526,654,4,584194.5
528,654,3.89999999999418,584188
527,653,3.89999999999418,584196
527,652,7.90000000002328,584197.25
527,651,4,584250.5
527,649,3.89999999999418,584252
526,647,7.89999999999418,584259.75
526,646,3.89999999999418,584258.5
525,644,4,584267.75
524,642,7.80000000001746,584284
524,641,4,584283.75
524,639,3.89999999999418,529829.25
523,637,7.89999999999418,529820
523,635,3.89999999999418,529802.5
523,634,4,529801.25
524,633,7.89999999999418,529849.25
525,634,3.90000000002328,529847.75
526,634,4,529842.5
526,635,3.89999999999418,529843.75
526,637,3.89999999999418,529837.25
527,640,4,584277.25
526,642,3.89999999999418,584274.5
526,644,4,584268
527,648,3.89999999999418,584255.75
527,650,3.90000000002328,584251.75
529,652,4,584185.25
529,653,3.89999999999418,584184
529,654,4,584189.25
529,654,3.89999999999418,584189.25
531,655,3.89999999999418,584176
534,654,4,584168
536,655,4,583957.25
539,655,4,583952
541,654,4,583949.25
544,653,4,583419.75
545,653,4,583416
547,652,4,583413.25
550,653,8,583399.75
553,652,3.89999999999418,583195.75
554,652,4,583196
555,651,8,583200
555,652,4,583199.75
555,651,4,583200
555,651,8,583200
556,651,4,583221.25
556,651,4,583221.25
557,652,7.90000000002328,583177.25
557,653,4,583176
556,653,4,583179.75
555,653,8,583198.5
555,654,4,583185.25
556,655,4,583183.75
553,654,8,583191.75
554,655,4,583187.75
640,692,35.8999999999942,558394.5
644,698,4,558454.5
647,701,4,558444
649,703,4,558486.5
652,706,3.89999999999418,571996
655,707,4,571984
657,709,4,571826.5
658,710,4,571832
659,711,4,571834.5
660,711,4,571781.25
661,712,4,571859.75
662,714,4,571864
663,714,8,571865.25
664,714,4,571686.5
664,714,3.89999999999418,571686.5
664,714,8,571686.5
663,714,4,571865.25
663,715,4,571866.5
663,714,8,571865.25
662,713,4,571863.75
662,713,4,571863.75
659,711,8,571834.5
656,712,4,571840
653,711,4,571972
651,711,8,572026.5
648,711,4,572031.75
645,711,4,572036
644,710,8,572038.5
640,711,4,572095.75
639,713,4,577300
637,714,8,577309.25
637,714,4,577309.25
638,714,4,577298.5
639,714,8,577299.75
639,714,4,577299.75
638,714,4,577298.5
639,715,7.89999999999418,577296
639,715,4,577296
641,715,4,572102.5
643,714,4,572107.75
644,713,4,572113.25
646,713,4,572119.75
646,713,4,572119.75
645,715,8,572124
646,717,4,572135.75
645,718,4,572141.25
645,717,8,572130.5
644,717,4,572129.25
644,717,4,572129.25
644,716,8,572128
641,717,4,572152
640,716,4,572154.5
639,715,8,577296
637,716,4,577291.75
705,617,52,552642.5
706,615,4,552635.75
708,609,4,552603.75
709,606,3.90000000002328,549223.75
708,600,4,549242.5
709,599,3.89999999999418,549164
710,595,3.89999999999418,549147.75
710,593,4,549143.75
710,593,3.89999999999418,549143.75
711,592,4,549141.25
712,593,3.89999999999418,549353.25
713,594,3.90000000002328,549351.75
713,594,4,549351.75
714,595,3.89999999999418,549347.75
715,597,3.89999999999418,549342.5
716,598,4,549324
716,600,7.89999999999418,549306.5
717,601,3.89999999999418,549304
719,603,3.90000000002328,549296
720,603,7.89999999999418,549455.75
722,604,3.89999999999418,549470.5
722,603,4,549451.75
723,603,7.89999999999418,549450.5
723,602,3.89999999999418,549449.25
723,603,3.90000000002328,549450.5
723,605,7.89999999999418,549468
722,607,3.89999999999418,549465.25
723,608,4,552357.25
723,609,7.89999999999418,552356
722,609,3.89999999999418,552359.75
724,611,3.90000000002328,552351.75
723,609,7.89999999999418,552356
724,607,3.89999999999418,549477.25
722,608,4,552358.5
722,607,3.89999999999418,549465.25
721,608,4,552361.25
723,606,3.89999999999418,549467.75
722,607,3.90000000002328,549465.25
721,606,4,549463.75
721,606,3.89999999999418,549463.75
720,606,3.89999999999418,549460
719,606,4,549291.75
718,608,3.89999999999418,552534.5
890,400,47.3999999999942,841294.5
894,396,4,841124
894,393,4,841111.75
899,390,8,797329.25
900,386,3.90000000002328,797364
903,385,4,797372
907,382,8,819123.75
910,378,4,819096
914,376,4,818284
915,376,8,818287.75
914,378,4,818274.5
918,379,4,818297.25
920,379,8,818223.75
922,379,4,818209.25
922,379,3.89999999999418,818209.25
921,380,8,818227.75
922,383,4,818235.75
922,386,4,797666.5
921,389,4,797656
917,393,4,797560
915,393,4,797510.5
917,391,4,797484
916,390,4,797486.5
916,389,4,797473.25
914,390,4,797490.5
913,390,3.89999999999418,797501.25
914,390,4,797490.5
913,388,4,797497.25
912,386,4,797444
912,382,4,818262.5
913,379,4,818276
913,376,4,818283.75
912,373,4,818329.25
911,370,4,819033.25
909,366,4,818701.25
906,364,4,818716
905,361,4,818728
903,360,7.89999999999418,818901.25
902,359,4,818819.75
901,359,4,818820
898,360,8,818894.5
896,360,4,818880
895,361,4,819516
894,362,8,819512
893,361,4,819506.5
892,364,4,819466.5
892,364,7.89999999999418,819466.5
892,366,4,819468
891,367,4,819472
891,366,8,819473.25
890,366,4,819474.5
890,366,4,819474.5
890,366,4,819474.5
890,366,4,819474.5
890,365,4,819485.25
890,366,4,819474.5
890,364,4,819484
889,364,4,819483.75
888,362,4,819494.5
886,360,4,819668
885,360,4,819667.75
884,359,4,819589.25
884,356,4,819594.5
882,353,4,819623.75
881,352,4,819625.25
880,351,4,822869.25
880,350,4,822868
881,351,4,822870.5
882,350,4,822872
882,350,4,822872
884,350,4,822884
886,351,8,822889.25
887,351,4,822890.5
887,353,4,819604
888,354,8,819564
889,355,4,819566.5
890,354,4,819554.5
890,355,8,819553.25
890,354,4,819554.5
890,353,4,819559.75
890,355,8,819553.25
890,355,4,819553.25
890,354,4,819554.5
890,355,8,819553.25
889,354,4,819565.25
890,353,4,819559.75
890,352,8,819558.5
890,352,4,819558.5
890,351,4,822937.25
890,351,8,822937.25
890,351,4,822937.25
890,351,4,822937.25
889,352,8,819561.25
888,355,4,819567.75
889,358,4,819581.25
891,361,4,819502.5
890,363,4,819491.75
890,367,4,819475.75
891,368,4,819397.25
892,371,4,819445.25
893,373,3.90000000002328,819426.5
894,375,4,819433.25
895,379,3.89999999999418,819216
896,380,3.89999999999418,819184
897,383,4,819196
898,385,3.89999999999418,797357.25
898,386,3.89999999999418,797346.5
899,385,3.90000000002328,797358.5
899,384,4,797359.75
899,383,3.89999999999418,819194.5
898,381,3.89999999999418,819191.75
897,378,7.89999999999418,819181.25
897,377,3.89999999999418,819176
897,373,4,818962.5
896,370,7.80000000001746,818958.5
896,367,4,818943.75
896,364,3.89999999999418,818938.5
896,362,7.79999999998836,818884
896,363,4,818885.25
897,364,3.90000000002328,818937.25
899,368,7.89999999999418,818949.25
900,372,3.89999999999418,818976
901,376,3.89999999999418,819161.25
901,379,4,819166.5
902,379,3.89999999999418,819153.25
1405,262,62.9000000000233,1185133.25
1407,260,3.89999999999418,1185125.25
1411,259,3.89999999999418,1239712
1418,257,4,1239751.75
1416,257,3.89999999999418,1239745.25
1418,256,3.89999999999418,1239748
1420,257,7.90000000002328,1239801.25
1425,257,3.89999999999418,1239810.5
1424,257,4,1239811.75
1423,256,7.79999999998836,1239807.75
1422,256,4,1239804
1423,255,4,1261482.5
1423,254,8,1261481.25
1423,253,4,1261478.5
1421,253,4,1261474.5
1420,252,8,1261472
1420,251,4,1261471.75
1421,252,4,1261475.75
1418,251,8,1261449.25
1419,251,4,1261450.5
1420,251,4,1261471.75
1420,250,4,1261470.5
1420,249,4,1261457.25
1419,248,4,1261455.75
1418,248,4,1261454.5
1417,247,4,1261438.5
1416,247,4,1261439.75
1415,246,4,1261355.75
1415,245,4,1261356
1415,245,4,1261356
1414,245,4,1261357.25
1413,246,4,1261351.75
1412,247,4,1261349.25
1412,248,4,1261530.5
1412,250,4,1261532
1412,252,4,1261514.5
1411,254,4,1261561.25
1412,256,4,1239728
1411,258,4,1239713.25
1409,261,4,1239704
1410,264,8,1239660
1410,267,4,1239651.75
1409,269,4,1239640
1409,272,8,1239467.75
1408,273,4,1239465.25
1408,275,4,1239461.25
1407,275,8,1185370.5
1407,276,4,1185381.25
1575,174,44,1329259.75
1574,170,4,1329266.5
1573,167,4,1329196
1575,164,4,1329189.25
1578,162,4,1329378.5
1574,162,4,1329176
1576,159,4,1328917.25
1578,157,4,1328925.25
1576,158,4,1328918.5
1575,159,4,1329130.5
1572,161,4,1329169.25
1569,163,4,1329158.5
1567,168,4,1330495.75
1565,172,4,1330441.25
1563,174,4,1330449.25
1561,177,4,1330370.5
1559,179,4,1330362.5
1558,181,4,1330311.75
1557,183,4,1330318.5
1556,185,4,1330291.75
1555,186,4,1330273.25
1554,186,4,1330274.5
1554,186,8,1330274.5
1554,185,4,1330285.25
1554,183,4,1330323.75
1553,181,8,1330328
1553,180,4,1330331.75
1553,178,4,1330343.75
1552,176,8,1330346.5
1552,175,4,1330687.75
1552,174,3.89999999999418,1330684
1552,173,8,1330683.75
1552,173,4,1330683.75
1553,173,4,1330680
1554,174,8,1330674.5
1556,174,4,1330670.5
1557,174,4,1330669.25
1557,174,8,1330669.25
1560,174,4,1330454.5
1562,172,4,1330460
1564,172,4,1330442.5
1566,170,4,1330488
1568,170,4,1329230.5
1569,168,3.90000000002328,1329219.75
1570,165,4,1329207.75
1572,161,4,1329169.25
1575,160,4,1329173.25
1576,157,4,1328921.25
1578,155,4,1328931.75
1581,152,4,1328945.25
1582,151,4,1328963.75
1583,148,4,1328975.75
1584,146,4,1328654.5
1586,143,4,1328635.75
1587,141,4,1328630.5
1589,140,3.89999999999418,1328587.75
1590,138,3.89999999999418,1328594.5
1590,136,3.89999999999418,1328598.5
1592,135,4,1328511.75
1393,811,78.5,1882980
1390,813,3.89999999999418,1882279.75
1385,814,3.90000000002328,1882301.25
1384,817,7.79999999998836,1882601.25
1383,816,4,1882389.25
1381,818,3.89999999999418,1882397.25
1380,820,3.89999999999418,1882400
1378,821,3.90000000002328,1882423.75
1376,820,4,1882426.5
1376,820,3.89999999999418,1882426.5
1375,819,3.89999999999418,1881850.5
1375,818,3.89999999999418,1881851.75
1375,817,4,1881852
1376,816,3.89999999999418,1882368
1377,816,3.90000000002328,1882369.25
1378,815,3.89999999999418,1882363.75
1377,815,4,1882364
1376,815,3.89999999999418,1882367.75
1377,817,3.89999999999418,1882370.5
1377,819,3.89999999999418,1882374.5
1377,819,4,1882374.5
1378,820,7.80000000001746,1882422.5
1378,821,3.89999999999418,1882423.75
1377,822,3.89999999999418,1882429.25
1377,824,7.89999999999418,1882435.75
1378,824,3.90000000002328,1882436
1377,826,3.89999999999418,1882445.25
1377,826,7.89999999999418,1882445.25
1378,827,3.89999999999418,1882443.75
1379,827,3.89999999999418,1882442.5
1379,828,7.90000000002328,1882463.75
1379,828,3.89999999999418,1882463.75
1379,828,4,1882463.75
1379,829,7.89999999999418,1882460
1379,828,3.89999999999418,1882463.75
1378,828,3.89999999999418,1882462.5
1377,828,7.90000000002328,1882449.25
1376,827,4,1882447.75
1374,827,3.89999999999418,1881779.75
1373,826,3.89999999999418,1881783.75
1078,899,55.2000000000116,2090385.25
1077,903,4,2090372
1075,907,3.89999999999418,2090442.5
1073,909,4,2090488
1073,911,3.89999999999418,2090494.5
1071,912,7.89999999999418,2090837.25
1069,912,3.89999999999418,2090835.75
1068,913,4,2090833.25
1069,913,7.80000000001746,2090834.5
1069,913,4,2090834.5
1070,913,3.89999999999418,2090839.75
1071,912,7.89999999999418,2090837.25
1071,910,4,2090499.75
1072,908,3.89999999999418,2090490.5
1073,908,7.90000000002328,2090489.25
1073,907,3.89999999999418,2090438.5
1073,907,4,2090438.5
1074,906,7.79999999998836,2090440
1075,905,4,2090444
1074,903,3.89999999999418,2090427.75
1074,903,4,2090427.75
1073,903,3.90000000002328,2090428
1072,903,4,2090431.75
1072,903,3.89999999999418,2090431.75
1071,903,3.89999999999418,2090560
1071,903,4,2090560
1071,902,3.89999999999418,2090561.25
1069,901,4,2090568
1069,902,3.89999999999418,2090567.75
1067,901,4,2090614.5
1067,901,4,2090614.5
1068,900,4,2090570.5
1067,898,4,2090595.75
1066,899,4,2090593.25
1065,898,4,2090605.25
1065,897,4,2090600
1063,896,4,2090645.25
1063,896,4,2090645.25
1062,896,4,2090646.5
1061,894,4,2038119.75
1061,894,4,2038119.75
1062,893,4,2038125.25
1060,894,4,2038116
1060,894,8,2038116
1059,892,4,2038111.75
1060,891,4,2038133.25
1060,892,8,2038112
1061,892,3.90000000002328,2038113.25
1060,893,4,2038115.75
1061,893,8,2038114.5
1060,894,4,2038116
1061,894,4,2038119.75
1059,895,8,2038106.5
1060,896,4,2090650.5
1059,895,4,2038106.5
1059,896,8,2090661.25
1059,896,4,2090661.25
1059,895,4,2038106.5
1060,895,4,2038117.25
1062,893,4,2038125.25
1061,893,4,2038114.5
1063,891,4,2038128
1063,892,4,2038127.75
1063,892,4,2038127.75
1064,891,4,2038159.75
1063,891,4,2038128
1064,891,4,2038159.75
1065,891,4,2038156
1064,892,4,2038160
1065,891,4,2038156
1063,892,4,2038127.75
1064,891,4,2038159.75
1064,891,4,2038159.75
1065,890,4,2038157.25
1067,890,4,2038153.25
1066,889,4,2038151.75
1068,889,4,2038201.25
1068,889,8,2038201.25
1066,889,4,2038151.75
1067,889,4,2038150.5
1066,888,8,2038148
1066,887,4,2038227.75
1067,887,4,2038224
1064,886,8,2038230.5
1064,883,4,2038245.25
1043,807,44,2035130.5
1040,803,4,2035119.75
1040,798,4,2032212
1038,797,8,2032045.25
1037,794,4,2032055.75
1038,791,4,2032065.25
1039,790,4,2032067.75
1041,788,4,2032185.25
1045,789,4,2032162.5
1044,789,4,2032161.25
1045,790,8,2032173.25
1046,791,4,2032171.75
1049,791,4,2032340
1049,794,4,2032269.25
1051,795,4,2032266.5
1053,796,4,2032289.25
1053,797,4,2032290.5
1053,798,4,2032295.75
1053,799,4,2032294.5
1051,799,4,2032282.5
1052,800,4,2035034.5
1052,801,8,2035035.75
1050,800,4,2035046.5
1047,801,4,2035092
1048,800,8,2035050.5
1046,800,4,2035094.5
1048,801,4,2035051.75
550,600,75.5,531838.5
548,597,4,531851.75
546,597,3.89999999999418,531869.25
549,595,3.89999999999418,531894.5
546,596,4,531868
542,596,3.89999999999418,528996
541,597,3.89999999999418,528994.5
538,598,4,529010.5
538,598,3.90000000002328,529010.5
536,599,3.89999999999418,529023.75
535,600,4,529109.25
535,599,3.89999999999418,528938.5
535,598,4,528939.75
535,596,3.89999999999418,528943.75
533,596,3.89999999999418,528929.25
533,596,4,528929.25
532,596,3.90000000002328,528928
532,594,7.89999999999418,528950.5
533,594,3.89999999999418,528951.75
533,594,3.89999999999418,528951.75
534,594,7.89999999999418,528946.5
534,594,3.90000000002328,528946.5
533,594,4,528951.75
534,596,7.89999999999418,528942.5
533,598,3.89999999999418,528935.75
533,598,3.89999999999418,528935.75
532,600,7.89999999999418,529114.5
533,601,3.90000000002328,529112
534,602,4,529106.5
538,603,7.79999999998836,529033.25
535,605,4,529102.5
537,608,3.89999999999418,530371.75
538,610,3.89999999999418,530376
544,608,4,530432
543,610,3.90000000002328,530417.25
544,610,3.89999999999418,530446.5
545,610,4,530445.25
547,610,3.89999999999418,530441.25
548,610,4,530486.5
548,612,3.89999999999418,530464
545,612,3.89999999999418,530449.25
548,612,4,530464
549,613,3.90000000002328,530466.5
550,613,3.89999999999418,530477.25
551,614,4,530475.75
553,615,4,530558.5
554,615,4,530545.25
557,616,4,530579.75
560,616,4,531306.5
562,617,4,531309.25
564,617,4,531315.75
566,617,8,531325.25
568,618,4,531244
568,619,4,531247.75
569,618,7.89999999999418,531245.25
568,617,4,531243.75
569,616,4,531241.25
569,616,8,531241.25
571,614,4,531419.75
572,613,4,531427.75
574,611,8,531443.75
569,609,4,531394.5
560,609,4,531369.25
542,609,7.89999999999418,530429.25
533,608,4,530353.25
522,608,4,529486.5
526,610,8,529496
523,611,4,529482.5
523,612,4,529525.25
520,613,4,529531.75
519,615,4,529450.5
516,616,4,529626.5
515,616,3.89999999999418,529637.25
514,616,4,529638.5
515,615,4,529434.5
516,615,4,529445.25
517,615,4,529446.5
516,614,4,529444
515,614,4,529435.75
514,615,4,529433.25
512,616,4,529642.5
511,616,4,518933.25
509,615,4,519142.5
505,612,3.90000000002328,519121.25
501,612,4,519049.25
499,611,4,519072
498,609,4,519085.25
498,606,4,519410.5
500,607,8,519407.75
500,607,4,519407.75
502,607,4,519403.75
503,604,8,519397.25
504,602,3.89999999999418,519206.5
507,599,4,519290.5
508,602,8,519220
512,604,4,529402.5
513,605,4,529400
514,608,8,529412
516,611,4,529461.25
516,610,4,529462.5
519,610,8,529457.25
520,609,4,529475.75
521,611,4,529478.5
522,612,8,529526.5
523,615,4,529520
525,615,4,529516
526,615,4,529515.75
526,615,4,529515.75
527,615,4,529514.5
527,615,4,529514.5
526,615,4,529515.75
525,615,4,529516
522,616,4,529550.5
523,615,4,529520
520,616,4,529536
516,616,4,529626.5
517,616,4,529625.25
513,616,4,529641.25
510,617,4,518935.75
509,617,4,518936
508,618,4,518940
508,619,4,518943.75
505,619,4,518958.5
504,620,4,518960
508,621,4,518921.25
507,621,8,518966.5
508,622,4,518918.5
509,622,4,518919.75
509,623,8,518916
510,622,4,518914.5
510,621,4,518925.25
510,622,8,518914.5
510,620,4,518924
510,619,4,518929.25
512,618,8,529644
512,617,4,529643.75
512,616,4,529642.5
512,615,4,529429.25
515,616,8,529637.25
515,617,4,529636
516,618,4,529628
398,840,51.2999999999884,449046.5
398,841,3.89999999999418,449047.75
395,842,3.90000000002328,449059.75
392,840,3.89999999999418,449066.5
391,841,4,449148
389,846,3.89999999999418,449101.25
387,845,3.89999999999418,449118.5
387,849,7.89999999999418,448942.5
386,851,3.90000000002328,448931.75
388,852,3.89999999999418,448906.5
387,851,7.89999999999418,448928
386,853,3.89999999999418,448925.25
385,854,4,448919.75
385,859,7.80000000001746,448868
384,861,3.89999999999418,448857.25
383,864,4,403797.25
383,866,7.79999999998836,403801.25
384,868,4,448154.5
385,867,3.89999999999418,448164
385,869,7.80000000001746,448152
385,869,4,448152
387,869,3.89999999999418,448158.5
388,869,7.89999999999418,448139.75
389,872,3.89999999999418,448113.25
389,872,3.90000000002328,448113.25
389,873,3.89999999999418,448114.5
390,874,4,448120
390,875,3.89999999999418,448121.25
390,875,3.89999999999418,448121.25
389,875,4,448118.5
388,873,3.89999999999418,448115.75
386,875,3.90000000002328,448099.75
386,877,3.89999999999418,448093.25
384,881,4,447913.25
383,882,3.89999999999418,404057.25
381,885,3.89999999999418,404066.5
381,888,4,404115.75
380,891,3.89999999999418,404127.75
379,891,3.90000000002328,404106.5
379,890,3.89999999999418,404107.75
379,893,4,404148
381,895,4,404140
382,894,4,404136
382,894,4,404136
384,891,8,447845.25
384,890,4,447846.5
384,890,4,447846.5
384,890,8,447846.5
386,889,4,447853.25
386,890,4,447842.5
387,890,8,447841.25
387,891,4,447840
385,890,4,447847.75
383,892,8,404133.25
381,894,4,404141.25
357,991,39.8999999999942,421198.5
354,993,4,419847.75
351,993,4,419838.5
347,993,4,419782.5
345,997,4,419794.5
342,997,4,419719.75
340,999,4,419727.75
340,1001,4,419699.75
339,1000,4,419695.75
338,1000,4,419692
340,1000,4,419696
338,997,4,419741.25
338,997,4,419741.25
336,995,4,419749.25
337,995,4,419748
336,996,4,419738.5
338,997,4,419741.25
337,997,4,419736
335,996,4,418917.25
335,997,8,418918.5
335,997,4,418918.5
333,998,4,418925.25
332,998,8,418926.5
330,1000,4,418958.5
331,1000,4,418959.75
330,1002,8,418952
330,1004,4,418998.5
328,1003,4,418949.25
327,1002,8,419027.75
328,1003,4,418949.25
328,1003,4,418949.25
330,1004,8,418998.5
331,1003,4,418954.5
331,1003,4,418954.5
332,1000,4,418960
332,1002,4,418974.5
333,1000,4,418963.75
333,999,4,418924
334,998,4,418920
335,997,4,418918.5
336,995,4,419749.25
337,995,4,419748
337,997,4,419736
338,998,4,419730.5
339,997,4,419742.5
338,998,4,419730.5
338,998,4,419730.5
338,998,4,419730.5
338,999,4,419731.75
337,1000,4,419691.75
335,1002,4,418969.25
334,1004,4,418980
332,1005,4,418977.25
331,1004,8,418997.25
330,1004,4,418998.5
330,1005,4,418999.75
328,1004,8,419002.5
328,1004,4,419002.5
328,1004,4,419002.5
328,1005,8,419003.75
519,464,88,874943.75
510,463,8,173483.75
506,466,4,173640
501,460,4,173515.75
499,454,4,173339.75
496,454,4,173332
492,451,4,173301.25
491,446,4,170769.25
488,445,8,170777.25
487,443,4,170970.5
486,443,4,170971.75
485,442,8,170973.25
486,440,4,170964
487,439,4,170880
488,438,8,170878.5
489,438,4,170877.25
490,436,4,170868
491,435,8,170848
490,435,4,170849.25
490,434,4,170850.5
489,435,8,170862.5
469,154,48.1000000000058,103031.75
463,157,4,102828
464,153,4,102977.25
462,151,4,102849.25
460,146,4,102900
459,142,4,102579.75
461,140,4,102563.75
462,137,4,102551.75
464,135,4,103317.25
465,134,4,103319.75
463,136,4,102549.25
466,134,4,103314.5
465,133,4,103320
463,134,4,102505.25
462,136,4,102548
460,137,4,102545.25
459,139,4,102538.5
