x,y,t,h
975,527,4,784896
969,529,4,784834.5
965,532,4,784777.25
967,527,4,784960
962,530,4,784802.5
963,534,4,784785.25
959,536,8,771733.25
960,537,4,784745.25
961,537,4,784744
962,551,8,784019.75
964,557,4,783947.75
970,560,4,783812
970,563,8,783819.75
970,562,4,783816
972,568,4,783642.5
974,569,8,783639.75
972,571,4,783647.75
967,572,4,783685.25
965,576,8,778259.75
959,579,4,778234.5
960,579,4,778245.25
957,578,4,778231.75
957,577,4,778226.5
954,577,4,778221.25
953,576,4,778219.75
953,572,4,772793.25
954,571,4,772745.25
955,571,4,772746.5
960,568,4,783722.5
962,565,4,783773.25
964,560,4,783792
965,555,4,783990.5
967,552,4,783999.75
967,553,4,783996
969,546,4,784077.25
970,546,4,784072
971,547,4,784074.5
972,547,4,784117.25
973,545,4,784120
973,546,4,784119.75
971,544,8,784069.25
972,545,4,784121.25
974,549,4,784109.25
980,551,8,784175.75
980,550,4,784174.5
985,552,4,784259.75
988,553,8,784313.25
989,555,4,784308
592,638,52,534100
588,629,8,533963.75
587,641,4,580196
584,644,4,580208
577,647,8,580284
576,648,4,580288
575,642,4,582995.75
572,650,8,582964
570,643,4,583009.25
568,644,4,583024
566,647,3.90000000037253,583043.75
561,645,4,583090.5
559,642,4,583251.75
555,638,4,530843.75
553,633,8,530818.5
552,628,4,530906.5
555,624,4,530927.75
552,628,8,530906.5
551,627,4,530714.5
548,622,3.89999999990687,530630.5
546,628,7.89999999990687,530742.5
546,625,3.89999999990687,530701.25
544,623,4,530687.75
547,623,7.8000000002794,530682.5
550,625,4,530711.75
555,629,3.89999999990687,530910.5
552,637,7.89999999990687,530835.75
550,645,3.89999999990687,583309.25
552,642,3.89999999990687,583276
551,650,4,583385.25
552,648,3.90000000037253,583210.5
556,651,3.89999999990687,583221.25
555,655,4,583184
562,649,3.89999999990687,583117.25
557,652,3.89999999990687,583177.25
555,645,4,583286.5
520,405,39.3000000002794,879059.75
521,398,4,879165.25
523,395,3.89999999990687,879136
523,386,3.89999999990687,879305.25
523,387,4,879306.5
529,384,3.89999999990687,879361.25
530,384,3.89999999990687,879374.5
534,386,4,879384
534,386,3.90000000037253,879384
535,386,3.89999999990687,879385.25
533,390,4,879405.25
535,386,7.79999999981374,879385.25
535,393,4,879486.5
533,394,3.89999999990687,879479.75
533,394,7.90000000037253,879479.75
537,390,3.89999999990687,879575.75
532,397,4,879459.75
532,397,7.79999999981374,879459.75
530,394,4,879432
531,401,3.89999999990687,878756
532,398,7.90000000037253,879460
533,401,3.89999999990687,878744
534,401,3.89999999990687,878743.75
533,395,8,879476
534,398,4,879464
533,402,4,878749.25
529,405,4,878770.5
525,404,4,879073.25
528,405,4,878769.25
527,406,4,879083.75
527,405,4,879084
526,401,4,879101.25
523,401,4,879046.5
1011,466,44,787617.25
1009,469,3.89999999990687,787608
1013,484,8,787235.75
1018,483,4,787427.75
1014,493,4,787309.25
1017,503,8,786556
1018,501,4,786551.75
1019,506,4,786465.25
1022,505,8,786493.25
1024,503,4,1135935.75
1023,504,4,786495.75
1025,504,8,1135939.75
1027,499,4,1135882.5
1027,498,4,1135883.75
1026,499,8,1135881.25
1030,497,4,1135895.75
1029,496,4,1135891.75
1028,497,8,1135889.25
1030,493,4,1135821.25
1026,492,4,1135860
1025,488,4,1135849.25
1023,484,3.89999999990687,787397.25
1022,482,4,787448
1021,484,4,787401.25
1022,487,4,787393.25
1021,496,4,786521.25
1023,498,4,786515.75
1503,269,56,1241510.5
1505,286,4,1244503.75
1508,284,4,1244490.5
1509,291,8,1243188
1510,288,4,1243196
1512,281,4,1244459.75
1510,287,7.90000000037253,1244481.25
1516,286,4,1244422.5
1517,287,4,1244420
1519,288,8,1243221.25
1522,290,4,1244066.5
1524,286,4,1244398.5
1528,278,8,1244286.5
1529,280,4,1244203.75
1531,282,4,1244193.25
1531,280,8,1244207.75
1532,278,4,1244230.5
1534,275,4,1244241.25
1534,274,4,1244242.5
1535,270,4,1245099.75
1536,267,4,1551045.25
1534,262,4,1245122.5
1534,266,4,1245106.5
1535,266,4,1245105.25
1535,265,4,1245118.5
1536,261,4,1551025.25
1538,256,4,1551014.5
1537,253,4,1332562.5
1538,248,4,1332548
1536,247,4,1332543.75
1534,242,4,1245426.5
1533,241,4,1245432
1531,239,4,1245456
1529,235,4,1245476
1528,233,4,1245481.25
1528,232,4,1245482.5
1525,234,4,1245661.25
1522,234,7.89999999990687,1245640
1522,232,4,1245646.5
1111,842,60,2040275.75
1107,844,4,2040309.25
1104,844,4,2040304
1102,844,8,2039982.5
1104,849,4,2040321.25
1100,848,4,2040666.5
1100,853,8,2040649.25
1098,854,4,2040696
1099,858,4,2040609.25
1100,861,8,2040587.75
1099,863,4,2040592
1100,864,4,2040912
1100,866,8,2040926.5
1102,869,4,2040935.75
1103,869,4,2040934.5
1103,868,8,2040933.25
1100,858,4,2040628
1100,853,8,2040649.25
1100,852,4,2040650.5
1099,863,4,2040592
1097,862,4,2040599.75
1097,861,8,2040600
1096,863,4,2040597.25
1094,857,4,2040791.75
1094,846,8,2039912
1092,847,4,2039909.25
1092,848,4,2040730.5
1092,853,8,2040713.25
1091,859,4,2040778.5
1089,860,4,2040825.25
1087,860,8,2038789.25
1089,862,4,2040829.25
1088,865,4,2040833.25
1086,860,8,2038790.5
1084,868,4,2038752
1084,863,4,2038799.75
1083,864,4,2038725.25
1084,866,4,2038774.5
1087,865,4,2038782.5
1086,862,4,2038786.5
1089,859,4,2040774.5
1088,851,4,2040751.75
1089,843,3.89999999990687,2039884
1088,841,4,2039873.25
1091,839,3.89999999990687,2039856
1091,833,3.89999999990687,2039820
1095,837,4,2039846.5
1095,835,3.90000000037253,2039834.5
1094,829,3.89999999990687,2045255.75
1022,1032,47.2999999998137,3495230.5
1018,1031,3.89999999990687,3495291.75
1018,1035,4,3495203.75
1011,1035,7.8000000002794,3495370.5
1012,1036,4,3495392
1010,1039,3.89999999990687,3495409.25
1011,1040,7.89999999990687,3495087.75
1010,1035,3.89999999990687,3495369.25
1011,1033,4,3495372
1014,1033,7.8000000002794,3495383.75
1015,1031,4,3495296
1016,1035,3.89999999990687,3495205.25
1022,1035,7.89999999990687,3495225.25
1018,1040,3.89999999990687,3495108
1018,1044,4,3495134.5
1018,1048,3.90000000037253,3494950.5
1017,1048,3.89999999990687,3494953.25
1016,1047,4,3495125.25
1017,1048,3.89999999990687,3494953.25
1015,1049,3.89999999990687,3495036
1014,1048,4,3495038.5
1016,1050,3.89999999990687,3494956
1013,1044,4,3495049.25
1013,1042,3.90000000037253,3495095.75
1013,1038,3.89999999990687,3495405.25
1014,1034,4,3495384
1011,1033,3.89999999990687,3495372
1012,1032,3.89999999990687,3495376
1012,1029,4,3495305.25
1011,1029,3.89999999990687,3495350.5
1011,1031,3.90000000037253,3495354.5
1010,1032,4,3495374.5
1007,1038,3.89999999990687,3495427.75
1008,1059,4,3494661.25
1009,1063,7.89999999990687,3494718.5
1009,1059,4,3494662.5
544,635,71.7999999998137,530767.75
538,632,4,530052
539,626,4,530145.25
537,621,4,530226.5
537,622,4,530237.25
534,622,4,530242.5
536,623,4,530239.75
535,620,4,530245.25
535,617,4,530300
536,620,4,530224
539,622,4,530233.25
538,626,3.90000000037253,530146.5
540,619,4,530207.75
543,621,4,530190.5
547,621,4,530678.5
545,627,4,530694.5
548,629,4,530721.25
546,631,4,530737.25
549,636,4,530785.25
552,634,8,530830.5
551,639,3.89999999990687,530794.5
550,638,4,530792
554,641,8,583271.75
553,641,4,583272
553,644,4,583283.75
558,646,8,583234.5
552,645,4,583281.25
554,647,4,583291.75
560,647,7.89999999990687,583103.75
558,644,4,583244
559,643,4,583248
560,643,8,583087.75
560,645,4,583089.25
558,642,4,583250.5
559,637,8,530860
556,638,4,530852
558,635,4,530867.75
556,636,4,530848
556,631,4,530895.75
554,629,4,530909.25
553,633,4,530818.5
553,631,4,530900
550,631,4,530731.75
551,629,4,530726.5
552,629,4,530905.25
549,632,4,530811.75
552,629,4,530905.25
551,628,4,530725.25
550,631,4,530731.75
929,728,52,735169.25
929,735,4,735230.5
933,726,4,735111.75
931,737,8,735244
927,737,4,736596
928,737,4,735235.75
931,738,8,735243.75
931,734,4,735219.75
932,733,4,735201.25
934,751,8,735337.25
935,759,4,736128
938,760,4,736044
941,756,8,736075.75
939,758,4,736121.25
943,749,4,735404
947,755,4,735754.5
947,761,4,735972
948,742,4,735524
947,755,4,735754.5
948,745,8,735707.75
946,742,4,735512
946,736,4,735492
943,732,4,734981.25
943,725,4,735054.5
941,723,4,735070.5
939,728,4,735023.75
937,725,4,735090.5
935,727,3.89999999990687,735104
932,725,3.89999999990687,735113.25
930,728,4,735182.5
930,726,3.90000000037253,735160
929,722,3.89999999990687,735149.25
928,724,4,735152
928,732,3.89999999990687,735226.5
926,741,7.79999999981374,736589.25
926,741,4,736589.25
926,745,3.90000000037253,736573.25
924,743,3.89999999990687,736581.25
925,748,4,736521.25
925,742,3.89999999990687,736583.75
925,739,3.89999999990687,736606.5
925,742,7.89999999990687,736583.75
926,742,3.90000000037253,736578.5
927,744,4,736575.75
928,744,7.79999999981374,735296
931,741,4,735284
933,740,3.89999999990687,735267.75
936,741,7.8000000002794,735449.25
937,741,4,735448
934,746,3.89999999990687,735346.5
936,744,3.89999999990687,735360
937,749,4,735378.5
935,753,3.89999999990687,736148
934,755,3.89999999990687,736145.25
933,758,4,736135.75
936,759,3.90000000037253,736127.75
934,757,3.89999999990687,736141.25
934,753,4,736151.75
932,744,3.89999999990687,735354.5
931,743,3.89999999990687,735280
932,738,3.89999999990687,735262.5
932,742,4,735278.5
930,732,3.90000000037253,735222.5
930,733,3.89999999990687,735223.75
931,728,4,735183.75
933,727,3.89999999990687,735108
933,724,3.89999999990687,735115.75
937,723,3.89999999990687,735086.5
940,725,4,735049.25
939,727,7.8000000002794,735098.5
939,723,4,735072
942,724,3.89999999990687,735052
943,721,7.79999999981374,735060
946,723,4,734731.75
946,722,3.90000000037253,734728
943,726,7.89999999990687,735041.25
945,731,4,734958.5
943,734,4,734979.75
940,732,7.89999999990687,734986.5
939,735,4,734992
623,725,44,576964
626,728,4,577092
622,717,4,576679.75
620,719,4,576687.75
619,726,4,576977.25
617,717,4,576696
615,717,4,576718.5
612,716,4,576714.5
614,716,4,576716
613,716,4,576715.75
608,720,4,576768
608,719,4,576767.75
605,718,4,576423.75
609,716,4,576755.75
610,719,4,576763.75
614,718,4,576706.5
612,720,4,576784
613,718,4,576711.75
613,721,8,576786.5
613,722,4,576797.25
613,723,4,576796
617,722,8,576999.75
618,723,4,576995.75
618,722,4,576994.5
617,727,8,576980
616,727,4,576981.25
613,726,4,576813.25
615,724,8,576805.25
615,725,4,576806.5
616,725,4,576985.25
617,723,7.89999999990687,576996
613,725,4,576802.5
614,724,4,576804
614,724,4,576804
616,726,4,576982.5
616,728,4,576896
617,727,4,576980
617,730,4,576909.25
619,732,4,576927.75
620,734,4,576932
620,740,4,574026.5
619,738,4,574051.75
620,739,4,574047.75
619,740,4,574069.25
621,737,4,574040
618,738,4,574050.5
619,736,4,574053.25
616,729,4,576897.25
620,726,4,576972
619,724,4,576991.75
621,729,4,576952
622,721,4,577021.25
622,718,4,576680
623,718,4,576681.25
625,716,4,577371.75
624,715,4,577381.25
626,718,8,577362.5
621,715,4,576668
622,717,4,576679.75
617,719,8,576702.5
618,719,4,576689.25
618,718,4,576690.5
616,716,8,576698.5
617,714,4,576647.75
616,707,4,576581.25
615,697,8,577916
614,692,4,577926.5
616,686,4,578110.5
618,669,8,579511.75
613,690,4,577975.75
607,677,4,580966.5
607,682,8,581017.25
603,674,4,580939.75
597,677,4,580898.5
606,680,4,581012
605,680,4,581011.75
600,677,4,580987.75
598,679,4,580905.25
602,682,8,581000
598,687,4,581059.75
596,684,4,581066.5
603,686,4,581043.75
600,684,4,581050.5
599,688,4,581183.75
601,683,4,580998.5
596,681,4,581083.75
595,680,4,581093.25
594,681,4,581095.75
597,684,3.89999999990687,581067.75
597,685,7.90000000037253,581064
592,683,3.89999999990687,581103.75
592,683,3.89999999990687,581103.75
593,683,7.89999999990687,581102.5
592,681,3.89999999990687,581099.75
592,679,3.90000000037253,580885.25
592,684,4,581104
591,680,3.89999999990687,580799.75
592,685,3.89999999990687,581105.25
596,686,4,581062.5
595,690,7.79999999981374,581129.25
590,683,3.90000000037253,580787.75
594,686,4,581112
597,689,7.79999999981374,581176
593,687,4,581116
593,686,3.89999999990687,581117.25
592,687,7.8000000002794,581119.75
593,687,4,581116
597,687,3.89999999990687,581060
595,683,3.89999999990687,581088
598,685,3.89999999990687,581069.25
591,683,4,580784
597,684,3.89999999990687,581067.75
531,662,27.5,583825.25
529,666,3.90000000037253,583783.75
531,655,3.89999999990687,584176
534,661,4,583815.75
531,662,3.89999999990687,583825.25
528,665,3.89999999990687,583785.25
526,668,4,584612
524,665,3.89999999990687,584593.25
527,667,3.90000000037253,584602.5
529,673,7.89999999990687,584962.5
533,674,3.89999999990687,585015.75
533,678,3.89999999990687,584999.75
535,679,7.89999999990687,585002.5
538,682,3.90000000037253,585096
537,680,3.89999999990687,585089.25
536,681,7.89999999990687,585091.75
537,677,3.89999999990687,585080
535,672,4,585023.75
537,668,7.8000000002794,583731.75
538,667,3.89999999990687,583713.25
538,671,4,583739.75
540,669,8.10000000009313,583689.25
539,663,4,583898.5
539,667,4,583712
536,662,8,583892
536,662,4,583892
535,659,4,583866.5
532,663,4,583823.75
533,661,4,583816
534,663,4,583809.25
532,666,4,583796
537,662,4,583895.75
531,660,4,583839.75
535,663,4,583808
531,660,4,583839.75
533,664,4,583793.25
533,663,4,583822.5
532,665,4,583795.75
534,663,4,583809.25
533,665,4,583794.5
530,666,4,583778.5
530,664,4,583788
527,670,4,584617.25
527,670,4,584617.25
524,672,4,584944
523,674,4,584929.25
523,675,8,584928
523,675,4,584928
523,673,4,584942.5
524,681,8,584889.25
526,672,4,584958.5
526,673,4,584957.25
526,661,8,584551.75
525,660,4,584547.75
525,663,4.09999999962747,584556
528,655,8,584191.75
526,653,4,584199.75
526,655,4,584193.25
527,648,8,584255.75
524,650,4,584244
521,651,4,584228
521,660,4,584569.25
519,648,4,584405.25
518,650,4,584408
519,654,4,584425.25
514,650,4,584392
515,658,4,584457.25
513,653,4,584440
510,648,4,464190.5
508,654,4,464140
504,655,4,464149.25
504,650,4,464166.5
502,651,4,464347.75
505,651,4,464164
505,662,4,464087.75
506,669,4,463927.75
510,667,4,463889.25
508,670,4,463878.5
508,684,4,463776
511,676,4,463813.25
517,670,8,584647.75
516,679,4,584751.75
521,682,4,584845.25
521,682,8,584845.25
525,685,4,584866.5
529,684,4,585203.75
532,672,8.10000000009313,585018.5
539,667,4,583712
545,670,4,583677.25
542,664,8,583702.5
550,661,4,583469.25
552,657,4,583491.75
550,655,8,583403.75
550,652,4,583396
556,650,4,583220
553,648,8,583211.75
551,649,4,583382.5
551,645,4,583310.5
549,643,4,583326.5
545,637,4,530770.5
545,637,4,530770.5
536,633,4,530049.25
537,625,4,530152
535,627,4,529946.5
534,621,4,530247.75
529,615,4,530324
521,615,4,529534.5
522,612,4,529526.5
518,610,4,529458.5
518,607,4,529387.75
521,604,4,529179.75
519,603,4,529370.5
522,605,4,529181.25
525,606,4.10000000009313,529165.25
523,604,4,529183.75
522,608,4,529486.5
525,608,4,529491.75
525,606,8,529165.25
526,606,4,529154.5
527,603,4,529210.5
530,606,8,529144
529,608,4,530347.75
527,609,4,529494.5
528,610,8,530342.5
526,613,4,529511.75
525,612,4,529507.75
529,609,8,530344
530,608,4,530348
534,606,4,529090.5
535,606,8,529089.25
540,609,4,530425.25
537,604,4,529081.25
541,602,8,529053.25
539,600,4,529039.75
538,606,4,529074.5
537,604,8,529081.25
534,601,4,529111.75
1002,820,52,719324
1004,811,4,719007.75
1008,826,4,719438.5
1013,822,4,719405.25
1015,829,4,719468
1016,839,8,705919.75
1017,838,4,705917.25
1020,842,4,705844
1022,840,8,705854.5
1021,842,4,705847.75
1022,840,4,705854.5
1022,833,8,705879.75
1023,838,4,705857.25
1023,834,4,705875.75
1020,830,4,719524
1019,821,4,719582.5
1020,826,4,719542.5
1021,819,4,719606.5
1019,813,8,719670.5
1018,817,4,719597.25
1020,807,4,719845.25
1019,808,4,719653.25
1020,804,4,719840
1019,810,3.89999999990687,719651.75
1021,808,4,719641.25
1022,807,3.89999999990687,719849.25
1024,803,3.90000000037253,2035375.75
1021,805,4,719842.5
1022,808,3.89999999990687,719638.5
1022,815,3.89999999990687,719619.75
1024,818,4,2035470.5
1023,817,3.89999999990687,719612
1021,813,3.89999999990687,719624
1292,942,66.9000000003725,1861126.5
1303,950,4,1860737.25
1309,955,3.89999999990687,1860662.5
1310,955,7.89999999990687,1860665.25
1310,948,3.89999999990687,1860684
1313,944,4,1860355.75
1304,939,7.8000000002794,1861519.75
1310,947,4,1860689.25
1311,945,3.89999999990687,1860692
1307,934,7.89999999990687,1861585.25
1306,922,3.89999999990687,1861666.5
1310,917,3.89999999990687,1861709.25
1312,913,4,1862915.75
1302,904,3.90000000037253,1862524
1306,900,3.89999999990687,1862620
1305,895,4,1872916
1306,894,3.89999999990687,1872914.5
1309,889,4,1872946.5
1307,886,3.89999999990687,1873017.25
1309,884,3.89999999990687,1872971.75
1312,884,4,1872656
1315,885,3.90000000037253,1872668
1312,878,3.89999999990687,1872636
1313,881,4,1872642.5
1314,875,3.89999999990687,1872585.25
1317,875,3.89999999990687,1872604
1317,877,4,1872610.5
1316,871,4,1872517.25
1318,877,3.89999999990687,1872615.75
1321,878,4,1872407.75
1317,869,4,1872520
1319,868,8,1872527.75
1319,869,4,1872526.5
1322,874,4,1872418.5
1325,869,8,1872456
1325,870,4,1872455.75
1324,873,4,1872435.75
1326,870,7.90000000037253,1872450.5
1324,877,4,1872395.75
1324,875,4,1872437.25
1324,873,8,1872435.75
1328,876,4,1872378.5
1323,878,4,1872401.25
1323,878,8,1872401.25
1013,870,39.8999999999069,705325.25
1012,867,4,705311.75
1008,870,4,705340
1005,875,4,705054.5
1005,875,4,705054.5
999,873,3.89999999990687,705148
997,869,4,705160
994,865,4,705197.25
991,869,4,707942.5
991,870,4,707945.25
991,869,4,707942.5
991,871,4,707946.5
989,880,4,708179.75
989,881,4,708178.5
989,885,4,708194.5
988,895,4,708271.75
991,908,7.89999999990687,703407.75
992,920,4,703808
992,906,4,703724
995,921,8,703814.5
994,923,4,703819.75
996,928,4,701082.5
996,924,8,703840
995,916,4,703797.25
997,925,4,703842.5
999,921,8,703870.5
1000,917,4,703961.25
999,915,4,703770.5
1001,905,8,703618.5
1001,907,4,703622.5
1003,910,4,703667.75
1003,905,4,703628
998,901,4,703533.25
999,900,4,703535.75
1001,897,4,703554.5
999,897,4,703550.5
999,900,4,703535.75
998,897,4,703549.25
997,898,4,703543.75
996,897,4,703545.25
996,894,4,704844
995,893,4,704862.5
995,896,4,703493.25
996,892,4,704842.5
1127,817,64,2044734.5
1128,809,4,2044457.25
1130,810,4,2044450.5
1130,811,8,2044451.75
1131,802,4,2044515.75
1130,801,4,2044519.75
1129,808,8,2044459.75
1130,810,4,2044450.5
1129,822,4,2044797.25
1130,824,8,2044814.5
1130,839,4,2043609.25
1129,832,4,2043587.75
1129,836,8,2043601.25
1130,844,4,2043444
1132,848,4,2043386.5
1129,849,8,2043330.5
1131,853,4,2043356
1131,855,4,2043354.5
1131,859,8.10000000009313,2043168
1130,859,3.89999999990687,2043169.25
1130,860,4,2043188
1129,857,8,2043176
1130,857,4,2043175.75
1129,860,4,2043187.75
1130,857,4,2043175.75
1129,848,4,2043331.75
1500,872,48,1894170.5
1495,892,4,1893999.75
1492,895,4,1893989.25
1492,883,8,1893919.75
1494,886,4,1893928
1490,898,4,1841570.5
1492,896,8,1841562.5
1492,901,4,1841545.25
1490,903,4,1841595.75
1492,909,4,1841633.25
1492,916,4,1841290.5
1488,914,4,1841318.5
1485,916,4,1842019.75
1483,918,4,1842035.75
1481,918,4,1842045.25
1482,928,4,1842412
1474,936,4,1842244
1476,933,4,1842209.25
1474,933,4,1842231.75
1474,937,4,1842247.75
1470,940,4,1844142.5
1466,941,4,1844125.25
1464,945,4,1843307.75
1459,954,4,1843403.75
1462,950,4,1843330.5
1469,955,4,1843254.5
1462,960,4,1848636
1469,955,4,1843254.5
1468,957,4,1843211.75
1467,961,4,1848652
1468,958,4,1843212
1472,958,4,1843196
1469,951,7.89999999990687,1843268
1464,957,4,1843225.25
1465,955,4,1843236
1467,955,7.90000000037253,1843232
1460,957,3.89999999990687,1843425.25
1459,955,3.89999999990687,1843402.5
1458,959,7.89999999990687,1843441.25
1454,952,3.89999999990687,1843478.5
1456,906,27.5,1844676
1456,908,3.90000000037253,1844730.5
1459,915,4,1844384
1463,882,7.79999999981374,1890841.25
1465,891,4,1890956
1467,890,3.89999999990687,1890953.25
1468,880,3.89999999990687,1891056
1467,887,3.90000000037253,1891024
1470,881,4,1891069.25
1470,880,3.89999999990687,1891070.5
1473,880,3.89999999990687,1893633.25
1473,877,3.89999999990687,1893618.5
1475,878,4,1893625.25
1540,1003,39.3000000002794,1834101.25
1550,1009,3.89999999990687,1834839.75
1556,1004,3.89999999990687,1834442.5
1551,1005,7.89999999990687,1834156
1555,1008,3.89999999990687,1834501.25
1557,1011,3.90000000037253,1834548
1559,1004,7.89999999990687,1834447.75
1562,1002,3.89999999990687,1834376
1564,1004,3.89999999990687,1834400
1565,1003,7.89999999990687,1834396
1563,999,3.90000000037253,1834352
1564,998,3.89999999990687,1834350.5
1546,995,7.89999999990687,1834211.75
1559,997,3.89999999990687,1834284
1560,996,3.89999999990687,1834362.5
1560,997,7.90000000037253,1834363.75
1555,997,3.89999999990687,1834268
1561,1001,4,1834370.5
1554,1004,3.89999999990687,1834484
1566,1001,3.89999999990687,1834391.75
1557,1006,4,1834439.75
1562,1008,4,1834574.5
1560,1009,4,1834563.75
1563,1011,4,1834570.5
1560,1011,4,1834565.25
1563,1012,4,1834613.25
1564,1013,4,1834593.25
1565,1013,4,1834594.5
1567,1015,4.10000000009313,1834602.5
1568,1011,4,1831333.25
1564,1014,4,1834606.5
1566,1013,4,1834599.75
1566,1015,4,1834603.75
1569,1012,4,1831323.75
1572,1012,4,1831306.5
633,914,64.1000000000931,622311.75
633,922,4,622221.25
628,917,4,622113.25
625,916,8,622137.25
623,919,4,622016
623,917,4,622020
622,918,8,622018.5
619,915,4,622048
618,918,4,622034.5
616,918,4,622038.5
612,916,4,621856
612,915,4,621855.75
612,910,4,621766.5
611,906,4,621795.75
612,905,4,621787.75
613,900,4.10000000009313,621601.25
613,905,4,621784
614,908,4,621772
615,909,4,621774.5
617,907,4,621702.5
618,906,4,621704
620,908,4,621728
619,915,4,622048
618,916,4,622044
622,919,4,622017.25
624,917,4,622139.75
624,916,4,622138.5
626,917,4,622135.75
