x,y,t,h
953,599,4,777340
954,599,3.90000000037253,777339.75
956,598,7.89999999944121,777286.5
956,599,3.90000000037253,777285.25
957,603,4,777270.5
957,606,7.79999999981374,777229.25
957,607,4,777230.5
958,608,3.90000000037253,777212
958,609,7.89999999944121,777213.25
958,609,3.90000000037253,777213.25
957,604,4,777225.25
957,602,3.89999999944121,777271.75
956,592,3.90000000037253,777306.5
950,601,4,777431.75
950,595,4,777361.25
947,596,4,777397.25
943,591,4,777728
942,585,4,777751.75
938,601,3.90000000037253,777511.75
937,578,4,777933.25
827,540,55.8999999994412,765599.75
829,543,8,765606.5
828,540,4,765600
826,546,4,762210.5
825,554,8,762151.75
824,555,4,762149.25
824,557,3.90000000037253,762137.25
825,544,8,762217.25
825,551,4,762236
826,551,4,762235.75
825,555,8,762148
826,554,4,762146.5
825,553,4,762152
823,548,8,762255.75
823,548,4,762255.75
822,551,3.89999999944121,762243.75
822,554,4,762328
823,552,4,762325.25
827,554,4,762145.25
828,562,4,762102.5
832,562,4,767236
835,513,4,765964
836,529,4,766875.75
838,547,4,767027.75
839,547,4,767024
838,563,4,767259.75
839,559,4,767168
835,565,3.90000000037253,767284
507,498,56,174667.75
505,500,4,174713.25
507,489,8,174476
507,488,4,174479.75
505,466,4,173639.75
505,490,8,174471.75
504,490,4,174468
502,484,4,174382.5
502,489,8,174551.75
502,490,4,174546.5
502,490,4,174546.5
501,486,4,174375.75
500,489,4,174555.75
500,490,4,174556
499,489,4,174564
497,491,4,174574.5
498,488,4,174566.5
497,485,4,174354.5
494,484,4,174278.5
493,481,4,174322.5
492,478,4,173836
490,476,4,173852
490,475,4,173859.75
491,475,4,173856
492,476,4,173834.5
491,474,4,173857.25
491,474,4,173857.25
488,473,4,173865.25
489,474,4,173863.75
490,475,4,173859.75
490,477,8,173853.25
491,482,4,174305.25
493,489,4,174264
491,486,7.90000000037253,174289.25
490,484,4,174300
492,490,4,174262.5
492,489,8,174265.25
492,486,4,174284
492,485,4,174283.75
491,481,8,174318.5
489,476,4,173851.75
488,473,4,173865.25
490,459,8,173195.75
485,453,4,173090.5
477,447,4,171012
473,451,8,173004
471,445,4,171076
467,445,4,171102.5
461,442,8,171933.25
461,443,4,171932
458,446,4,171954.5
457,441,8,171906.5
455,476,4,172399.75
453,467,4,172316
452,453,8,172067.75
454,456,4,172246.5
452,480,4,175770.5
451,481,4,175780
451,471,4,172336
452,479,4,172389.25
452,480,4,175770.5
453,465,8,172306.5
452,463,4,172229.25
452,460,4,172234.5
450,445,8,172023.75
451,445,4,172022.5
450,451,4,172043.75
452,441,8,171995.75
451,436,4,171807.75
450,437,4,171805.25
449,433,8,171778.5
448,431,4,171775.75
446,431,4,166659.75
445,432,8,166641.25
445,429,4,166664
444,429,4,166665.25
442,429,4,166711.75
441,426,4,166701.25
440,426,4,166700
440,428,4,166704
439,428,4,166725.25
440,428,4,166704
439,429,4,166724
438,426,4,166776
438,426,4,166776
438,426,3.89999999944121,166776
439,424,4,166783.75
439,425,4,166780
439,429,4,166724
439,427,4,166778.5
438,424,4,166782.5
438,425,4,166781.25
641,319,55.2000000001863,905212
642,310,3.90000000037253,904984
647,314,7.89999999944121,905171.75
645,310,4,904999.75
647,307,3.90000000037253,905008
652,306,7.89999999944121,905054.5
655,308,3.90000000037253,905061.25
657,304,3.90000000037253,904363.75
657,301,7.89999999944121,904696
659,302,3.90000000037253,904691.75
658,302,4,904690.5
657,299,7.79999999981374,904646.5
654,304,4,905044
649,297,3.90000000037253,904744
647,300,4,904933.25
646,303,3.89999999944121,904939.75
644,306,3.90000000037253,905014.5
640,315,4,905199.75
638,314,3.89999999944121,899762.5
637,312,3.90000000037253,899771.75
637,314,4,899767.75
635,318,3.90000000037253,899739.75
635,316,3.89999999944121,899743.75
636,319,4,899749.25
640,321,3.90000000037253,905219.75
642,323,3.89999999944121,905225.25
647,326,4,905257.25
647,325,3.90000000037253,905254.5
651,323,4,905440
652,321,3.90000000037253,905459.75
656,328,3.89999999944121,905706.5
655,327,4,905408
654,324,3.90000000037253,905414.5
654,321,7.89999999944121,905469.25
654,318,3.90000000037253,905128
651,320,3.90000000037253,905455.75
648,320,7.89999999944121,905450.5
645,317,4,905160
646,315,3.90000000037253,905169.25
642,317,8,905207.75
642,319,4,905211.75
640,318,4,905214.5
639,319,8,899754.5
638,319,4,899753.25
639,319,4,899754.5
637,320,8,886105.25
637,322,4,886109.25
638,322,4,886098.5
973,254,67.8999999994412,1025447.75
979,259,4,809376
974,254,4,1025448
975,248,4,1025471.75
980,247,4,1025583.75
982,246,4,1025576
986,245,4,1025757.25
982,245,8,1025575.75
981,244,4,1025571.75
979,239,4,1025872
972,240,8,1025520
965,239,4,1025220
960,243,4,1025285.25
955,238,8,1022777.25
953,240,4,1022699.75
948,235,4,1022837.25
946,232,7.90000000037253,1022828
945,224,4,1022891.75
944,226,4,1022886.5
944,226,8,1022886.5
943,222,4,1023233.25
945,220,4,1023225.25
948,211,4,1023135.75
949,211,4,1023134.5
950,213,4,1023117.25
951,207,4,1023850.5
952,206,4,1023892
953,205,4,1023890.5
952,206,4,1023892
954,204,4,1023902.5
954,205,4,1023901.25
954,204,4,1023902.5
954,204,4,1023902.5
954,206,4,1023896
954,210,4,1023074.5
955,210,4,1023075.75
955,213,4,1023094.5
957,215,4,1023044
959,218,4,1023035.75
960,223,4,1025023.75
960,226,4,1025038.5
960,225,4,1025025.25
960,227,4,1025039.75
960,229,4,1025043.75
960,231,4,1025045.25
960,227,8,1025039.75
960,228,4,1025040
960,230,4,1025044
958,224,8,1022972
957,223,4,1022990.5
956,221,4,1022987.75
955,220,8,1023007.75
956,219,4,1023029.25
956,219,4,1023029.25
956,219,8,1023029.25
957,219,4,1023030.5
958,222,4,1022978.5
959,223,8,1022976
961,232,4,1025257.25
961,230,4,1025047.75
963,241,8,1025292
965,246,4,1025325.25
967,252,4,1025391.75
971,262,4,809593.25
970,253,4,1025437.25
973,258,4,809565.25
974,264,4,809534.5
976,264,4,809408
978,265,4,809421.25
979,264,4,809423.75
980,265,4,809425.25
980,261,4,809353.25
980,260,4,809354.5
981,257,4,809368
980,254,4,1025636
979,249,4,1025606.5
979,248,3.90000000037253,1025605.25
1575,208,62.7999999998137,1334719.75
1571,205,3.89999999944121,1334878.5
1576,201,3.90000000037253,1334827.75
1572,199,7.90000000037253,1334927.75
1570,192,3.89999999944121,1334956
1571,187,3.90000000037253,1330122.5
1572,189,7.89999999944121,1330145.25
1573,189,3.90000000037253,1330146.5
1573,193,3.90000000037253,1334962.5
1571,197,4,1334942.5
1569,198,3.89999999944121,1334935.75
1566,201,3.90000000037253,1331607.75
1564,205,3.89999999944121,1331617.25
1560,210,4,1331780
1559,213,3.90000000037253,1331756
1557,215,3.90000000037253,1331750.5
1554,216,3.89999999944121,1331942.5
1552,218,4,1331948
1550,217,3.90000000037253,1332029.25
1549,219,3.89999999944121,1332022.5
1547,218,3.90000000037253,1332001.25
1545,217,4,1332008
1546,221,3.90000000037253,1331997.25
1542,217,3.89999999944121,1332183.75
1541,213,3.90000000037253,1332104
1538,212,4,1332148
1538,213,3.89999999944121,1332151.75
1538,214,3.90000000037253,1332152
1536,215,7.90000000037253,1332159.75
1537,214,3.89999999944121,1332157.25
1536,214,3.90000000037253,1332158.5
1531,215,7.89999999944121,1248976
1527,214,3.90000000037253,1248809.25
1528,211,3.90000000037253,1248997.25
1530,212,7.89999999944121,1248988
1530,210,3.90000000037253,1248994.5
1532,207,3.89999999944121,1249029.25
1532,205,8,1249033.25
1532,203,4,1249055.75
1532,196,4,1249248
1535,193,8,1249278.5
1536,189,4,1331185.25
1539,186,4,1331171.75
1542,183,8,1330985.25
1543,180,4,1330991.75
1544,178,4,1331012
1545,177,4,1331010.5
1545,177,4,1331010.5
1545,176,4,1331009.25
1545,176,4,1331009.25
1545,178,4,1331015.75
1544,180,4.10000000055879,1331066.5
1543,180,4,1330991.75
1543,183,4,1330986.5
1543,183,4,1330986.5
1543,187,4,1331152
1544,187,4,1331077.25
1543,191,4,1331136
1543,193,4,1331222.5
1543,193,4,1331222.5
1543,196,4,1331237.25
1544,196,4,1331418.5
1543,198,4,1331241.25
1543,199,4,1331242.5
1543,198,4,1331241.25
1542,199,8,1331243.75
1542,198,4,1331240
1541,198,4,1331245.25
1540,196,8,1331232
1540,195,4,1331231.75
1539,194,4,1331211.75
1540,191,8,1331141.25
1539,190,4,1331193.25
1540,188,4.09999999962747,1331146.5
1539,188,8,1331189.25
1538,187,4,1331169.25
1539,187,4,1331168
1540,187,8,1331167.75
1541,186,4,1331165.25
1541,186,4,1331165.25
1540,188,8,1331146.5
1541,196,4,1331235.75
1541,197,4,1331234.5
1541,198,8,1331245.25
1540,208,4,1332122.5
1540,208,4,1332122.5
1540,217,8,1332177.25
1539,220,4,1332213.25
1539,213,4,1332150.5
1539,212,8,1332149.25
1538,209,4,1332135.75
1538,201,4,1331271.75
1538,195,4,1331209.25
1538,195,4,1331209.25
1538,187,4,1331169.25
1538,188,8,1331188
1538,182,4,1330968
1539,177,4,1330950.5
1539,177,4,1330950.5
1539,174,8,1330931.75
1539,171,4,1330890.5
1541,170,4,1330909.25
1542,171,8,1330907.75
1543,171,4,1330906.5
1544,170,4,1330726.5
1545,172,8,1330715.75
1548,173,4,1330699.75
1548,178,4,1331038.5
1551,187,8,1331098.5
1551,183,4,1331050.5
1550,200,4,1331388
1551,208,4,1332053.25
1551,206,4,1331371.75
1552,212,4,1331728
1551,212,4,1332047.75
1551,210,4,1332051.75
1547,212,4,1332085.25
1546,211,4,1332065.25
1547,207,4,1331354.5
1545,202,4,1331341.25
1545,202,4,1331341.25
1543,197,4,1331238.5
1542,192,4,1331220
1540,187,4,1331167.75
1540,184,4,1331162.5
1539,179,4,1330954.5
1540,177,4,1331001.25
1542,174,4.10000000055879,1330920
1543,170,4,1330905.25
1544,166,4,1330814.5
1544,162,4,1330796
1547,160,4,1330789.25
1551,157,4,1327532
1552,153,4,1327681.25
1554,149,8,1327671.75
1554,144,4,1327630.5
1556,138,4,1327988
1557,135,7.89999999944121,1328014.5
1558,131,3.90000000037253,1328057.25
1558,130,3.89999999944121,1328056
1559,131,7.90000000037253,1328058.5
1560,129,3.90000000037253,1328065.25
1399,787,78.6999999992549,1883280
1396,784,3.90000000037253,1883290.5
1394,781,3.90000000037253,1883997.25
1394,775,4,1883953.25
1395,781,3.89999999944121,1883996
1399,774,3.90000000037253,1883945.25
1400,774,4,1884118.5
1401,763,3.89999999944121,1960582.5
1403,760,3.90000000037253,1960591.75
1405,754,4,1960541.25
1406,751,3.90000000037253,1960363.75
1407,751,3.89999999944121,1960362.5
1409,748,4,1906267.75
1412,747,7.79999999981374,1906293.25
1414,745,4,1906301.25
1415,745,3.90000000037253,1906300
1418,747,7.90000000037253,1906209.25
1420,751,3.89999999944121,1906181.25
1424,750,3.90000000037253,1906516
1426,756,7.89999999944121,1905844
1429,750,3.90000000037253,1906535.75
1430,754,3.90000000037253,1905810.5
1430,753,7.89999999944121,1905815.75
1430,749,3.90000000037253,1906541.25
1430,746,4,1906546.5
1428,748,7.79999999981374,1906528
1424,744,4,1906496
1420,740,3.90000000037253,1906400
1418,736,3.89999999944121,1906372
1416,734,4,1907006.5
1412,731,4,1907061.25
1411,729,4.10000000055879,1907054.5
1409,724,4,1907099.75
1408,725,4,1907097.25
1409,727,4,1907092
1409,722,4,1907111.75
1412,725,4,1907083.75
1413,724,4,1907081.25
1418,723,4,1907147.75
1421,723,4,1907188
1426,720,4,1906854.5
1428,719,4,1907557.25
1428,724,4,1906826.5
1431,723,4,1906832
1431,727,4,1906816
1432,729,3.89999999944121,1906729.25
1434,728,4,1906732
1434,730,8,1906722.5
1436,735,4,1906703.75
1436,731,4,1906741.25
1434,738,8,1906658.5
1434,740,4,1906652
1434,744,4,1906564
1436,734,8,1906700
1439,731,4,1906746.5
1441,731,4,1908044
1442,724,8,1908022.5
1442,726,4,1908018.5
1505,1003,68,1835718.5
1506,1004,4,1835766.5
1506,1008,4,1835780
1507,1008,4,1835781.25
1509,1008,4,1835835.75
1511,1009,4,1835838.5
1511,1010,4,1835825.25
1512,1010,4,1835844
1514,1012,4,1835894.5
1516,1003,4,1835573.25
1518,1002,4,1835576
1518,995,4,1835601.25
1520,988,8,1838672
1524,987,4,1838709.25
1524,982,4,1838638.5
1524,978,8,1838622.5
1525,972,4,1838921.25
1526,970,4,1838968
1527,968,8,1838975.75
1524,966,4,1838988
1524,968,4,1838960
1522,971,8,1838947.75
1523,972,4,1838943.75
1521,979,4,1838598.5
1519,984,8,1838527.75
1517,985,4,1838520
1516,997,4,1835593.25
1515,1002,8,1835553.25
1515,996,4,1835637.25
1515,996,4,1835637.25
1514,997,4,1835639.75
1513,1001,4,1835560
1512,998,4,1835646.5
1513,1004,4,1835547.75
1512,1002,4,1835558.5
1514,987,4,1838475.75
1515,986,4,1838473.25
1516,980,4,1838538.5
1516,975,4,1838255.75
1517,970,4,1838237.25
1517,963,4,1838172
1518,963,4,1838171.75
1520,958,4,1839356
1524,957,4,1839329.25
1526,956,4,1839332
1527,953,4,1839318.5
1527,957,4,1839334.5
1529,960,4,1839043.75
1531,980,4,1838815.75
1533,976,4,1838833.25
1535,982,4,1838787.75
1537,981,4,1833746.5
1538,982,4,1833752
1540,987,4,1833951.75
1540,989,8,1833929.25
1540,991,4,1833925.25
1541,1000,4,1834107.75
1541,998,7.79999999981374,1834029.25
1542,1002,3.90000000037253,1834098.5
1542,997,4,1834023.75
1543,1000,7.79999999981374,1834111.75
1543,998,4,1834025.25
1545,1002,3.90000000037253,1834125.25
1546,1001,7.79999999981374,1834119.75
1546,1001,4,1834119.75
1548,1007,3.90000000037253,1834149.25
1549,1002,3.89999999944121,1834167.75
1550,1003,4,1834163.75
1551,1004,3.90000000037253,1834159.75
1552,1001,3.89999999944121,1834475.75
1553,1001,4,1834472
1554,1000,3.90000000037253,1834470.5
1554,998,3.90000000037253,1834264
1554,998,3.89999999944121,1834264
1554,997,4,1834269.25
1555,994,3.90000000037253,1834249.25
1555,991,3.89999999944121,1833040
1555,993,4,1834246.5
1555,988,3.90000000037253,1833055.75
1553,987,3.90000000037253,1833060
1551,985,3.89999999944121,1833878.5
1552,984,4,1833066.5
1551,983,3.90000000037253,1833834.5
1550,984,3.89999999944121,1833876
1548,981,4,1833825.25
1549,986,7.80000000074506,1833885.25
1547,987,3.89999999944121,1833866.5
1547,989,4,1833908
1548,996,7.79999999981374,1834186.5
1547,994,4,1834209.25
1546,997,3.90000000037253,1834205.25
1547,994,7.90000000037253,1834209.25
1547,1000,3.89999999944121,1834117.25
1547,1001,3.90000000037253,1834118.5
1547,1003,7.89999999944121,1834122.5
1547,1004,3.90000000037253,1834143.75
1546,1007,3.90000000037253,1834137.25
1547,1010,7.89999999944121,1834851.75
1546,1009,3.90000000037253,1834855.75
1545,1011,3.89999999944121,1834862.5
1545,1011,7.90000000037253,1834862.5
1545,1014,3.90000000037253,1834877.25
1546,1015,4,1834875.75
1546,1015,3.89999999944121,1834875.75
1546,1017,3.90000000037253,1834797.25
1547,1017,4,1834798.5
1549,1018,3.89999999944121,1834807.75
1550,1020,4,1834758.5
1551,1021,4,1834756
1551,1022,4,1834755.75
1553,1020,4,1834739.75
1555,1023,4,1834746.5
1556,1022,4,1834694.5
1556,1024,4,2359610.5
1558,1023,4,1834691.75
1559,1027,4,2359600
1559,1025,4,2359614.5
1559,1026,4,2359601.25
1559,1030,4,2359595.75
1558,1029,4,2359597.25
1559,1029,4,2359596
1557,1033,4,2359768
1557,1025,8,2359608
1555,1017,4,1834724
1555,1010,4,1834505.25
1552,1009,8,1834497.25
327,923,88.1000000005588,424314.5
323,926,4,424273.25
325,926,4,424269.25
326,929,4,423613.25
329,928,4,423619.75
329,928,4,423619.75
328,932,4,423632
329,925,4,424242.5
334,929,4,423677.25
338,930,4,423688
341,933,4,423714.5
345,935,4,423892
347,934,4,423889.25
350,936,4,423868
353,937,4,422594.5
355,937,4,422604
359,936,8,422613.25
361,934,4,422525.25
363,934,4,422521.25
365,934,8,422471.75
365,939,4,422454.5
366,935,4,422467.75
366,933,8,422477.25
367,938,4,422459.75
367,940,4,422405.25
367,939,8,422458.5
365,940,4,422409.25
362,944,4,422734.5
360,945,8,422723.75
358,945,3.89999999944121,422717.25
355,944,4,422661.25
355,943,4,422640
355,940,4,422645.25
353,943,4,422654.5
351,940,4,423855.75
350,939,4,423859.75
349,939,4,423860
349,938,4,423863.75
349,938,4,423863.75
349,938,4,423863.75
350,939,4,423859.75
353,940,4,422649.25
353,942,4,422653.25
354,945,4,422663.75
356,946,4,422710.5
358,947,4,422707.75
359,949,4.10000000055879,422700
361,950,4,422781.25
363,952,4,422799.75
364,950,4,422766.5
366,949,8,422759.75
366,949,4,422759.75
367,948,4,422757.25
368,949,8,422041.25
368,947,4,422053.25
367,945,4,422742.5
369,945,8,422056
367,945,4,422742.5
365,945,4,422738.5
365,944,8,422739.75
364,945,4,422737.25
362,948,4,422774.5
360,949,8,422779.75
357,950,4,422695.75
356,951,4,422693.25
356,952,8,422874.5
355,953,4,422884
353,954,4,422893.25
354,954,8,422882.5
355,953,4,422884
355,953,4,422884
356,951,4,422693.25
357,953,4,422872
358,952,4,422870.5
360,949,4,422779.75
362,947,8,422729.25
362,948,4,422774.5
362,947,4,422729.25
363,949,4,422772
364,945,4,422737.25
364,949,4,422753.25
363,950,4,422771.75
364,954,4,422814.5
363,951,4,422768
362,952,4,422798.5
362,953,4,422797.25
361,959,8,422846.5
361,956,4,422841.25
360,964,4,421584
360,964,8,421584
360,964,4,421584
359,963,4,421562.5
360,965,4,421587.75
360,961,4,421569.25
361,962,4,421581.25
361,864,44,403691.75
360,866,4,403686.5
360,863,4,403221.25
360,867,4,403685.25
359,868,4,403493.25
358,876,4,403566.5
357,880,4,404377.25
358,895,4,404459.75
359,901,4,425004
360,896,4,425024
361,902,4,425085.25
361,906,3.89999999944121,425095.75
362,912,4,425452
363,915,3.90000000037253,425440
362,918,3.90000000037253,425426.5
362,912,3.89999999944121,425452
363,912,4,425455.75
1063,419,328.400000000373,1132570.5
1062,409,4,1132503.75
1064,406,4,1132414.5
1063,409,4,1132502.5
1061,418,4,1132573.25
1059,425,8,1132614.5
1056,436,4,1133488
1053,449,4,1134930.5
1054,457,8,1134999.75
1050,477,4,1135287.75
1045,478,4,1135303.75
1039,463,8,1134762.5
1039,469,4,1135438.5
1036,446,4,1134510.5
1033,478,8,1135383.75
1031,479,4,1135594.5
1031,470,4,1135489.25
1028,478,8,1135598.5
1028,478,4,1135598.5
1026,475,4,1135561.25
1014,509,100,786663.75
1014,503,4,786563.75
1014,500,4,786572
1015,502,8,786561.25
1015,499,4,786576
1018,485,4,787421.25
1018,493,8,787357.25
1018,491,4,787339.75
1018,493,4,787357.25
1020,488,8,787386.5
1020,490,4,787382.5
905,528,100,770539.75
902,528,7.89999999944121,770324
902,525,3.90000000037253,770253.25
896,542,4,770388
890,521,7.79999999981374,769927.75
887,516,4,769829.25
886,518,3.90000000037253,769832
883,520,7.89999999944121,769861.25
881,524,3.90000000037253,769873.25
879,525,3.90000000037253,769550.5
879,522,7.89999999944121,769555.75
878,520,4,769558.5
878,530,3.90000000037253,769522.5
878,533,3.89999999944121,769517.25
877,533,4,769506.5
878,542,3.90000000037253,769282.5
878,544,3.90000000037253,768084
878,541,7.89999999944121,769293.25
879,540,3.90000000037253,769295.75
880,550,4,768918.5
881,547,3.89999999944121,768932
881,552,3.90000000037253,768875.75
882,550,4,768914.5
881,553,3.90000000037253,768872
878,561,3.89999999944121,768509.25
876,568,4,768442.5
874,575,3.90000000037253,768409.25
870,556,3.89999999944121,768204
869,570,4,768375.75
866,569,3.90000000037253,768327.75
864,558,3.90000000037253,768254.5
861,554,4,767773.25
862,542,3.89999999944121,766632
862,531,3.90000000037253,766555.75
863,536,4,766613.25
866,531,3.89999999944121,769443.75
868,536,3.90000000037253,769392
870,529,4,769469.25
873,525,3.90000000037253,769586.5
875,522,7.89999999944121,769571.75
876,516,3.90000000037253,769760
877,516,4,769761.25
878,515,7.79999999981374,769779.75
880,511,4,846591.75
880,512,3.90000000037253,769792
878,534,7.89999999944121,769512
878,546,3.90000000037253,768088
878,530,3.89999999944121,769522.5
883,575,15.8000000007451,768602.5
885,543,8,769260
887,558,4,768835.75
889,562,4,768743.75
888,565,8,768729.25
890,584,4,754988
891,532,4,769141.25
891,561,4,768750.5
889,573,4,768658.5
888,567,4,768725.25
886,565,4,768551.75
885,560,4,768531.75
883,569,4,768582.5
883,568,4,768581.25
882,526,4,769880
881,561,4,768514.5
880,520,4,769856
880,555,4,768869.25
880,564,4,768570.5
881,571,4,768588
882,545,4,768941.25
882,567,3.89999999944121,768561.25
883,525,4,769884
884,551,4,768911.75
885,546,4,768951.75
888,557,4,768817.25
890,558,8,768824
892,562,4,768756
895,564,4,768709.25
895,565,8,768708
899,563,4,773898.5
901,566,4,773927.75
899,570,8,774115.75
896,578,4,774148
895,579,4,755024
892,578,8,755036
889,585,4,754984
887,581,4,755086.5
886,581,8,755085.25
883,578,4,755107.75
882,579,4,755105.25
881,578,8,755117.25
880,571,4,768591.75
880,571,4,768591.75
880,577,4,755115.75
880,577,4,755115.75
882,578,4,755106.5
882,583,4,755131.75
882,574,4,768600
882,569,4,768583.75
884,576,4,755098.5
883,569,4,768582.5
882,576,4,755110.5
880,567,4,768575.75
879,574,3.90000000037253,768427.75
877,572,4,768417.25
875,586,4,755233.25
873,582,4,755325.25
869,583,4,755332
869,580,4,755339.75
869,577,4,755352
867,596,4,755487.75
867,587,4,755402.5
870,531,8,769465.25
873,591,4,755220
