x,y,t,h
975,556,4,783887.75
975,554,4,783891.75
975,552,8,783893.25
977,550,4,784189.25
978,549,4,784183.75
978,551,8,784177.25
976,554,4,784206.5
975,557,4,783886.5
973,559,8,783876
971,557,4,783926.5
969,557,4,783922.5
969,558,8,783933.25
968,557,4,783921.25
968,559,4,783935.75
964,560,7.89999999944121,783792
961,559,4,783956
958,558,4,772520
957,558,8,772525.25
955,557,4,772532
955,558,3.90000000037253,772531.75
958,559,3.90000000037253,772523.75
960,562,4,783782.5
961,563,3.89999999944121,783780
963,564,3.90000000037253,783775.75
965,564,3.89999999944121,783753.25
968,563,4,783823.75
971,563,3.90000000037253,783818.5
973,564,3.90000000037253,783841.25
974,562,4,783858.5
976,562,3.89999999944121,783532
977,560,3.90000000037253,783529.25
977,558,4,784215.75
976,557,3.89999999944121,784211.75
973,555,3.90000000037253,783902.5
973,554,4,783901.25
972,553,3.90000000037253,783899.75
971,552,7.89999999944121,783909.25
969,553,3.90000000037253,783912
933,471,47.2000000001863,793900
930,470,3.89999999944121,793906.5
928,467,3.90000000037253,793861.25
927,455,7.89999999944121,793536
926,445,3.90000000037253,795655.75
928,447,4,795647.75
928,445,7.79999999981374,795633.25
930,442,4,795618.5
930,439,3.90000000037253,795417.25
928,439,3.89999999944121,795413.25
928,435,3.90000000037253,795407.75
927,435,4,795728
926,432,3.90000000037253,795734.5
925,431,3.89999999944121,796582.5
925,433,4,795736
927,435,3.90000000037253,795728
926,434,3.89999999944121,795730.5
924,434,4,795740
924,433,3.90000000037253,795739.75
924,431,3.90000000037253,796581.25
924,428,4,796576
923,426,3.89999999944121,796553.25
922,424,3.90000000037253,796548
920,422,3.89999999944121,796630.5
919,418,4,796441.25
916,416,3.90000000037253,796432
914,414,3.90000000037253,796914.5
913,414,3.89999999944121,796925.25
913,415,7.90000000037253,796926.5
914,415,3.89999999944121,796913.25
915,416,3.90000000037253,796431.75
916,416,7.90000000037253,796432
917,416,3.89999999944121,796435.75
918,415,3.90000000037253,796907.75
920,414,7.89999999944121,796694.5
921,414,3.90000000037253,796695.75
924,413,3.90000000037253,796683.75
925,412,7.89999999944121,796681.25
925,412,3.90000000037253,796681.25
922,411,4,796707.75
921,409,7.79999999981374,796712
918,409,3.90000000037253,796887.75
919,410,4,796889.25
917,413,7.79999999981374,796898.5
917,413,4,796898.5
687,545,51,542806.5
688,545,3.89999999944121,543657.25
687,546,4,542809.25
686,549,3.90000000037253,542823.75
684,550,3.90000000037253,542830.5
684,551,4,542831.75
686,552,3.89999999944121,542868
687,553,3.90000000037253,542870.5
689,557,7.89999999944121,543576
689,558,3.90000000037253,543575.75
688,564,3.90000000037253,543290.5
686,567,7.89999999944121,543169.25
686,566,3.90000000037253,543170.5
684,566,3.89999999944121,543180
682,565,7.90000000037253,543197.25
681,562,4,543207.75
680,558,4,542908
678,550,8,542760
676,543,4,544079.75
675,541,4,544094.5
673,543,8,544084
673,539,4,544100
676,536,4,544112
676,534,4.09999999962747,544140
677,534,4,544141.25
679,534,4,544131.75
681,536,4,544041.25
680,538,4,544044
680,540,4,544048
682,544,4,542798.5
683,548,4,542837.25
683,551,4,542832
683,554,4,542859.75
682,558,4,542898.5
682,560,4,543212
682,562,4,543202.5
680,564,4,543194.5
679,565,4,543014.5
678,567,4,543019.75
679,569,4,543102.5
678,570,4,543090.5
677,570,4,543095.75
677,571,8,543092
676,571,4.10000000055879,543093.25
675,570,4,543049.25
674,569,8,543047.75
673,567,4,543038.5
672,566,4,543036
672,564,8,543034.5
671,561,4,542460
1252,524,56,1988320
1252,523,4,1988319.75
1253,522,4,1988317.25
1255,522,4,1988313.25
1256,521,4,1988137.25
1257,522,4,1988135.75
1257,522,4,1988135.75
1258,524,4,1988124
1258,525,4,1988125.25
1256,526,4,1988118.5
1256,526,4,1988118.5
1257,526,4,1988119.75
1255,527,4,1988330.5
1254,528,4,1988412
1251,531,4,1988362.5
1251,532,4,1988383.75
1251,534,4,1988379.75
1250,539,4,1988577.25
1249,537,4,1988584
1248,538,8,1988588
1249,538,4,1988589.25
1249,537,4,1988584
1248,539,8,1988591.75
1248,538,4,1988588
1247,538,4,1988627.75
1249,536,8,1988585.25
1250,535,3.89999999944121,1988377.25
1249,540,4,1988595.75
1251,536,8,1988581.25
1251,536,4,1988581.25
1253,537,4,1988568
1253,539,8,1988574.5
1255,539,4,1988560
1257,538,4,1988487.75
1258,538,8,1988488
1259,537,4,1988492
1258,535,4,1988465.25
1254,534,8,1988392
1252,531,4,1988405.25
1249,529,4,1988354.5
1245,533,4,1988834.5
1242,530,4,1988808
1241,529,4,1988802.5
1238,528,4,1988798.5
1236,528,8,1988784
1234,527,4,1989105.25
1233,528,4,1988779.75
1232,529,4,1988777.25
1233,530,4,1988775.75
1235,530,4,1988769.25
1236,531,4,1988789.25
1238,529,4,1988797.25
1241,530,4,1988813.25
1242,530,4,1988808
1242,533,4,1988829.25
1243,530,7.80000000074506,1988809.25
1244,530,3.89999999944121,1988854.5
1244,528,4,1988858.5
1245,527,7.79999999981374,1988878.5
1245,525,4,1988872
1244,529,3.90000000037253,1988857.25
1244,525,3.90000000037253,1988875.75
1243,529,4,1988806.5
1242,526,3.89999999944121,1988882.5
1242,526,3.90000000037253,1988882.5
1242,523,7.89999999944121,1988899.75
1243,525,3.90000000037253,1988894.5
1243,525,3.90000000037253,1988894.5
1243,527,7.89999999944121,1988880
1242,528,3.90000000037253,1988804
1242,531,4,1988811.75
1243,532,3.89999999944121,1988831.75
1242,534,3.90000000037253,1988824
1243,535,4,1988826.5
1243,537,3.90000000037253,1988644
1243,539,3.89999999944121,1988640
1244,541,4,1988617.25
1244,542,3.90000000037253,1988614.5
1245,543,3.89999999944121,1988612
1245,543,4,1988612
1246,544,3.90000000037253,1989972
1246,546,3.90000000037253,1989976
1246,545,4,1989975.75
1246,545,3.89999999944121,1989975.75
1247,545,3.90000000037253,1989974.5
1246,545,3.89999999944121,1989975.75
1245,544,4,1989971.75
1245,544,3.90000000037253,1989971.75
1244,542,3.90000000037253,1988614.5
1244,542,4,1988614.5
1243,540,3.89999999944121,1988661.25
1243,537,3.90000000037253,1988644
1242,534,4,1988824
1242,532,3.89999999944121,1988830.5
1242,529,7.90000000037253,1988807.75
1242,527,3.90000000037253,1988883.75
1242,527,3.89999999944121,1988883.75
1244,527,7.90000000037253,1988879.75
1244,528,3.89999999944121,1988858.5
1245,530,4,1988855.75
1245,529,7.80000000074506,1988856
1244,528,3.89999999944121,1988858.5
1244,527,4,1988879.75
1245,527,7.79999999981374,1988878.5
1244,527,4,1988879.75
1245,527,4,1988878.5
1245,527,8,1988878.5
1244,527,4,1988879.75
1241,525,4,1988888
1240,524,4,1988890.5
1238,522,4,1989080
1239,520,4,1989077.25
1240,520,4,1988906.5
1241,521,4,1988904
1243,521,4,1988910.5
1246,522,4,1988920
1250,523,4,1988297.25
1254,524,4,1988324
1257,525,4,1988120
1262,525,4,1988103.75
1265,526,4,1988093.25
1268,527,4,1988079.75
1271,529,4,1987772
1273,528,4,1987779.75
1271,527,4,1988074.5
1270,526,4,1988072
1268,523,4,1988063.75
1268,520,4,1988048
1267,518,8,1988025.25
1263,515,4,1988176
1257,512,4,1988201.25
1250,509,8,1157469.25
1245,506,4,1156791.75
1242,502,4,1156818.5
1237,500,8,1156643.75
1235,498,4,1156619.75
1234,495,4,1156947.75
1233,495,8,1156948
1232,494,4,1156950.5
1231,493,4,1156262.5
1235,494,8,1156945.25
1238,494,4,1156930.5
1242,495,4,1156923.75
1245,496,8,1156849.25
1248,497,4,1157379.75
1251,497,4,1157388
1254,497,4,1157399.75
1257,499,4,1157604
1261,499,4,1157622.5
1263,499,4,1157626.5
1265,500,4,1157689.25
1265,501,4,1157688
1265,502,4,1157693.25
1265,503,4,1157694.5
1264,503,4,1157695.75
1262,502,4,1157570.5
1260,502,4,1157580
1258,502,4,1157586.5
1252,501,4,1157409.25
1252,501,4,1157409.25
1247,500,4,1156805.25
1246,498,4,1156856
1244,497,4,1156851.75
1242,498,4,1156834.5
1242,497,4,1156845.25
1243,499,8,1156832
1246,500,4,1156806.5
1249,501,4,1157432
1253,502,8,1157421.25
1257,503,4,1157588
1257,504,4,1157507.75
1260,505,8,1157561.25
1263,505,4,1157566.5
1264,505,4,1157697.25
1267,505,8,1157702.5
1268,505,4,1157753.25
1270,505,4,1157757.25
1270,504,8,1157756
1268,503,4,1157679.75
1265,502,4,1157693.25
1263,501,8,1157572
1261,500,4,1157577.25
1257,498,4,1157607.75
1252,497,4,1157393.25
1251,497,4,1157388
1247,496,4,1156863.75
1243,495,4,1156922.5
1241,495,4,1156924
1239,495,4,1156928
1237,496,4,1156627.75
1236,497,4,1156625.25
1235,498,4,1156619.75
1234,499,4,1156617.25
1233,500,4,1156665.25
1233,501,4,1156664
1232,502,4,1156668
1232,502,4,1156668
1232,503,4,1156671.75
1232,502,4,1156668
1232,503,4,1156671.75
1233,503,4,1156670.5
1234,503,4,1156657.25
1234,502,8,1156658.5
1236,502,4,1156654.5
1237,502,4,1156653.25
1239,501,8,1156646.5
1241,499,4,1156836
1240,498,4,1156838.5
1242,496,8,1156844
1242,494,4,1156920
1243,493,4,1156918.5
1243,489,8,1156900
1238,480,4,1157054.5
1235,478,4,1155833.25
1226,471,8,1155963.75
1225,470,4,1155965.25
1220,469,4,1155977.25
1218,465,8,1156007.75
1211,466,4,1154147.75
1206,467,4,1154193.25
1205,468,8,1154187.75
1201,470,4,1154237.25
1199,467,4,1154544
1201,471,8,1154236
1198,472,4,1154326.5
1201,474,4,1154247.75
1201,474,4,1154247.75
1202,474,4,1154248
1202,474,4,1154248
1205,473,4,1154258.5
1207,470,8,1154177.25
1207,466,4,1154195.75
1208,463,4,1154965.25
1209,462,8,1154967.75
1209,458,4,1154957.25
1211,458,4,1154953.25
1214,460,8,1154990.5
1575,228,83.9000000003725,1333295.75
1577,226,3.90000000037253,1333319.75
1577,224,4,1333313.25
1577,222,3.89999999944121,1334589.25
1577,221,4,1334578.5
1577,220,3.90000000037253,1334579.75
1576,220,3.89999999944121,1334576
1575,220,4,1334597.25
1573,221,3.90000000037253,1334600
1572,222,3.90000000037253,1334604
1569,222,4,1334615.75
1567,221,3.89999999944121,1331878.5
1564,218,3.90000000037253,1331870.5
1560,215,4,1331839.75
1557,211,3.89999999944121,1331764
1555,210,3.90000000037253,1331721.25
1553,207,4,1331708
1552,205,7.79999999981374,1331697.25
1553,205,4,1331698.5
1557,205,3.90000000037253,1331656
1558,208,7.89999999944121,1331772
1560,208,3.90000000037253,1331776
1562,210,4,1331784
1563,212,7.79999999981374,1331829.25
1567,215,3.90000000037253,1331818.5
1569,216,4,1334635.75
1574,216,7.79999999981374,1334654.5
1578,217,4,1334567.75
1581,216,3.90000000037253,1334553.25
1583,214,7.89999999944121,1334763.75
1584,213,3.90000000037253,1334449.25
1586,210,3.89999999944121,1334434.5
1585,209,7.90000000037253,1334440
1586,207,3.90000000037253,1335129.25
1587,207,4,1335130.5
1587,206,3.89999999944121,1335131.75
1587,205,3.90000000037253,1335132
1587,205,4,1335132
1585,205,3.89999999944121,1335122.5
1583,205,3.90000000037253,1334798.5
1581,206,4,1334791.75
1579,206,3.90000000037253,1334841.25
1575,206,3.89999999944121,1334851.75
1574,206,4,1334850.5
1572,207,3.90000000037253,1334863.75
1571,207,3.89999999944121,1334864
1568,207,3.90000000037253,1334869.25
1567,208,4,1331797.25
1565,208,3.90000000037253,1331795.75
1564,209,3.89999999944121,1331793.25
1563,209,8,1331788
1563,210,4,1331787.75
1562,211,4,1331785.25
1563,211,8,1331786.5
1562,212,4,1331830.5
1561,213,4,1331832
1557,212,8,1331745.25
1553,212,4,1331729.25
1550,212,4,1332044
1549,212,7.90000000037253,1332043.75
1549,213,4,1332040
1549,214,4,1332039.75
1552,215,8,1331733.25
1554,215,4,1331737.25
1554,216,4,1331942.5
1559,217,8,1331924
1564,216,4,1331856
1567,216,4,1331861.25
1572,215,4,1334671.75
1574,215,3.89999999944121,1334657.25
1579,214,4,1334747.75
1581,214,4,1334759.75
1584,213,4,1334449.25
1585,213,4,1334450.5
1586,213,4,1334455.75
1586,213,4,1334455.75
1585,215,4,1334460
1585,219,4,1334470.5
1585,222,4,1334525.25
1584,226,4,1334182.5
1584,227,4,1334181.25
1582,230,4,1333352
1582,231,3.90000000037253,1333355.75
1580,233,4,1333393.25
1580,233,4,1333393.25
1579,234,4,1333387.75
1580,233,4,1333393.25
1581,228,8,1333347.75
1582,222,4,1334530.5
1582,218,4,1334546.5
1582,213,8,1334765.25
1583,209,4,1334782.5
1584,206,4,1335124
1584,202,7.90000000037253,1335118.5
1585,200,4,1335107.75
1587,198,4,1335091.75
1588,197,8,1335073.25
1589,196,4,1335075.75
1590,198,4,1335080
1589,201,8,1335160
1589,204,4,1335137.25
1589,206,4,1335143.75
1588,209,8,1334427.75
1587,210,4,1334435.75
1587,213,4,1334454.5
1588,214,4,1334406.5
1588,214,4,1334406.5
1588,214,4,1334406.5
1585,212,4,1334451.75
1567,185,152.199999999255,1330196
1561,190,4,1330237.25
1559,194,8,1331505.25
1560,191,4,1330239.75
1557,189,4,1330248
1552,190,8,1330262.5
1552,193,4,1331457.25
1552,197,4,1331475.75
1549,201,8,1331384
1549,206,4,1331367.75
1548,207,4,1331365.25
1548,210,8,1332060
1547,212,4,1332085.25
1546,212,4,1332084
1545,213,4,1332082.5
1545,215,4,1332092
1544,215,4,1332095.75
1543,217,8,1332182.5
1541,218,4,1332189.25
1541,218,4,1332189.25
1541,218,4,1332189.25
1541,218,8,1332189.25
1540,218,4,1332190.5
1541,218,4,1332189.25
1541,218,8,1332189.25
1542,218,4,1332184
1542,218,4,1332184
1542,218,8,1332184
1543,217,4,1332182.5
1543,215,4,1332096
1544,215,8,1332095.75
1544,214,4,1332094.5
1545,213,4,1332082.5
1546,213,4,1332087.75
1546,211,4,1332065.25
1547,210,4,1332067.75
1548,208,4,1332058.5
1551,206,4,1331371.75
1553,204,4,1331699.75
1556,201,4,1331675.75
1557,198,4,1331495.75
1560,197,4,1331579.75
1563,196,4,1331573.25
1566,194,4,1331544
1568,194,4,1334950.5
1571,193,4,1334958.5
1572,193,4,1334963.75
1574,193,4,1334973.25
1575,193,4,1334972
1577,193,4,1334978.5
1578,194,4,1334984
1580,195,4,1335029.25
1581,194,8,1335031.75
1582,193,4,1335037.25
1582,192,4,1335036
1582,191,8,1329921.25
1583,190,4.10000000055879,1329923.75
1583,189,4,1329924
1582,190,8,1329922.5
1582,190,4,1329922.5
1580,190,3.89999999944121,1329932
1579,190,7.90000000037253,1329937.25
1576,192,3.90000000037253,1334976
1574,195,3.89999999944121,1334969.25
1569,197,7.90000000037253,1334936
1566,200,3.89999999944121,1331604
1562,202,4,1331592
1556,205,7.80000000074506,1331657.25
1554,207,4,1331707.75
1550,210,3.89999999944121,1332050.5
1549,213,3.90000000037253,1332040
1549,215,4,1332036
1553,219,3.89999999944121,1331950.5
1566,221,4,1331879.75
1573,223,3.90000000037253,1334606.5
1581,224,3.90000000037253,1333331.75
1588,224,4,1334192
1595,223,3.89999999944121,1334288
1598,220,3.90000000037253,1334278.5
1603,216,4,1336271.75
1605,211,3.89999999944121,1336222.5
1606,203,3.90000000037253,1335411.75
1608,196,4,1335514.5
1609,198,3.90000000037253,1335511.75
1609,201,3.89999999944121,1335426.5
1608,201,4,1335425.25
1608,200,3.90000000037253,1335424
1607,202,3.89999999944121,1335409.25
1607,202,4,1335409.25
1606,198,7.80000000074506,1335336
1605,197,4,1335330.5
1604,191,3.89999999944121,1340751.75
1605,197,7.90000000037253,1335330.5
1604,199,3.89999999944121,1335343.75
1605,199,3.90000000037253,1335340
1604,197,7.90000000037253,1335329.25
1605,195,3.89999999944121,1335324
1605,194,4,1335325.25
1604,191,7.90000000037253,1340751.75
1605,189,3.89999999944121,1340744
1605,188,3.90000000037253,1340745.25
1606,190,7.90000000037253,1340738.5
1606,192,3.89999999944121,1335316
1607,194,4,1335321.25
1606,197,3.90000000037253,1335335.75
1606,201,3.89999999944121,1335421.25
1606,205,3.90000000037253,1335405.25
1605,207,4,1335398.5
1604,210,3.90000000037253,1336220
1605,212,3.89999999944121,1336203.75
1604,214,4,1336198.5
1603,215,4,1336250.5
1602,216,4,1336270.5
1601,217,4,1336258.5
1599,217,4,1334332
1599,216,4,1334335.75
1599,216,4,1334335.75
1598,216,3.90000000037253,1334334.5
1598,216,4,1334334.5
1598,216,4,1334334.5
1598,217,4,1334333.25
1597,218,4,1334327.75
1597,218,4,1334327.75
1598,219,4,1334329.25
1600,219,4,1336261.25
1602,219,4,1336265.25
1604,218,4,1336286.5
1605,216,8,1336275.75
1606,212,4,1336204
1607,209,3.89999999944121,1336212
1608,205,8,1335443.75
1609,203,4,1335436
1609,200,4,1335427.75
1611,203,8,1335434.5
1612,204,4,1335456
1612,207,4,1335461.25
1612,209,8,1336155.75
1612,213,4,1336137.25
1612,216,4,1336112
1612,219,7.90000000037253,1336117.25
1612,221,4,1336075.75
1612,224,4,1336400
1612,225,4,1336401.25
1612,228,4,1336416
1612,228,4,1336416
1612,228,4,1336416
1611,228,4,1336437.25
1611,229,4,1336436
1611,227,4,1336394.5
1610,225,4,1336397.25
1609,222,3.90000000037253,1336087.75
1609,220,4,1336091.75
1610,217,4,1336109.25
1611,214,4,1336185.25
1612,211,4,1336159.75
1612,208,4,1336154.5
1612,206,4,1335460
1612,203,4,1335477.25
1612,202,4,1335478.5
1612,201,4,1335481.25
1612,201,4,1335481.25
1613,202,8,1335479.75
1614,205,4,1335469.25
1614,207,4,1335465.25
1614,210,8,1336146.5
1536,209,48,1332139.75
1531,209,4,1249006.5
1531,209,4,1249006.5
1529,208,8,1249003.75
1527,210,4,1248793.25
1527,211,4,1248794.5
1528,213,8,1248985.25
1529,213,4,1248984
1529,214,4,1248983.75
1529,214,4,1248983.75
1529,215,4,1248980
1530,215,4,1248979.75
1530,215,4,1248979.75
1530,215,4,1248979.75
1530,215,4,1248979.75
1529,215,4,1248980
1528,215,4,1248981.25
1527,216,4,1248895.75
1526,216,4,1248892
1525,217,4,1248888
1524,217,4,1248889.25
1523,217,4,1248838.5
1523,218,4,1248841.25
1523,218,4,1248841.25
1524,217,4,1248889.25
1524,217,8.09999999962747,1248889.25
1524,217,4,1248889.25
1525,217,4,1248888
1525,217,4,1248888
1526,219,4,1248883.75
1526,219,4,1248883.75
1527,220,4,1248879.75
1528,221,8,1248915.75
1528,222,4,1248916
1528,223,4,1248917.25
1529,223,8,1248918.5
1529,224,4,1245545.25
1529,225,3.90000000037253,1245544
1528,226,7.89999999944121,1245548
1529,227,3.90000000037253,1245550.5
1529,226,4,1245549.25
1529,226,3.89999999944121,1245549.25
1529,226,3.90000000037253,1245549.25
1529,226,4,1245549.25
1528,227,3.90000000037253,1245551.75
1528,227,3.89999999944121,1245551.75
1528,227,4,1245551.75
1528,227,3.90000000037253,1245551.75
1527,227,3.89999999944121,1245584
1528,227,4,1245551.75
1527,227,3.90000000037253,1245584
1527,227,3.90000000037253,1245584
1526,228,4,1245580
1526,227,3.89999999944121,1245585.25
1526,227,3.90000000037253,1245585.25
1527,226,4,1245587.75
1527,225,3.89999999944121,1245588
1527,225,3.90000000037253,1245588
1527,224,4,1245589.25
1528,222,3.90000000037253,1248916
1528,222,7.89999999944121,1248916
1528,222,3.90000000037253,1248916
1529,221,3.89999999944121,1248914.5
1529,220,7.90000000037253,1248913.25
1530,220,3.90000000037253,1248926.5
1529,220,4,1248913.25
1529,222,7.79999999981374,1248919.75
1530,223,4,1248921.25
1530,224,3.89999999944121,1245542.5
1530,225,7.90000000037253,1245543.75
1531,226,3.90000000037253,1245539.75
1531,228,3.89999999944121,1245557.25
1531,228,7.90000000037253,1245557.25
1532,229,3.89999999944121,1245513.25
1532,230,4,1245510.5
1532,232,7.80000000074506,1245488
1532,232,4,1245488
1533,231,3.89999999944121,1245508
1532,230,3.90000000037253,1245510.5
1532,229,3.89999999944121,1245513.25
1531,226,4,1245539.75
1531,224,3.90000000037253,1245541.25
1530,222,3.90000000037253,1248920
1529,220,4,1248913.25
1529,218,3.89999999944121,1248909.25
1529,216,3.90000000037253,1248899.75
1528,214,4,1248982.5
1528,212,4,1248986.5
1528,211,4,1248997.25
1528,209,4,1249001.25
1528,209,3.89999999944121,1249001.25
1527,209,4,1248790.5
1527,211,4,1248794.5
1527,212,4,1248805.25
1527,215,4,1248810.5
1528,217,4,1248897.25
1529,218,4,1248909.25
1530,219,8,1248907.75
1531,219,4,1248906.5
1532,220,4,1248928
1533,222,8,1248935.75
1533,223,4,1248934.5
1534,224,4,1245526.5
1533,223,8,1248934.5
1532,222,4,1248932
1532,220,4,1248928
1533,218,8,1248951.75
1534,216,4,1248956
1535,215,3.90000000037253,1248960
1534,214,8,1248962.5
1534,213,4,1248967.75
1534,211,4,1249017.25
1536,211,8,1332143.75
1538,210,4,1332130.5
1540,210,4,1332124
1542,211,4,1332113.25
1544,212,4,1332080
1545,213,4,1332082.5
1546,215,4,1332091.75
1549,216,4,1332017.25
1550,217,4,1332029.25
1554,218,4,1331938.5
1554,220,4,1331956
1557,219,4,1331934.5
1559,219,4,1331920
1560,218,4,1331844
1561,217,4,1331842.5
1563,216,4,1331855.75
1565,215,3.90000000037253,1331820
1566,214,4,1331816
1567,212,4,1331813.25
1572,210,4,1334708
1578,207,4,1334843.75
1586,205,4,1335133.25
1592,202,8,1335182.5
1597,198,4,1335245.25
1600,196,4,1335354.5
1602,195,8,1335305.25
1606,193,4,1335319.75
1610,192,4,1335532
1613,191,8,1340676
1614,190,4,1340674.5
1615,189,4,1340686.5
1615,190,8,1340673.25
1614,191,4,1340675.75
1613,191,4,1340676
1613,193,8,1335538.5
1613,194,4,1335543.75
1613,194,4,1335543.75
1612,194,8,1335540
1611,194,4,1335521.25
1610,193,4,1335533.25
1609,192,4,1335531.75
1609,192,4,1335531.75
1607,190,4,1340739.75
1605,189,4,1340744
1603,188,4,1340767.75
1600,186,4,1340774.5
1597,185,4,1329810.5
1595,185,4,1329804
1592,184,4,1329792
1589,184,4,1329881.25
1586,184,4,1329894.5
1583,185,4,1329980
1580,184,4,1329968
1579,184,4,1329967.75
1576,185,4,1329961.25
1574,186,8,1330136
1573,188,4,1330147.75
1572,190,4,1330158.5
1570,191,8,1330161.25
1569,192,4,1334955.75
1570,193,4,1334957.25
1569,195,8,1334948
1570,196,4,1334940
1570,198,4,1334930.5
1571,199,8,1334928
1573,201,4,1334898.5
1575,201,4,1334908
1576,201,8,1334827.75
1577,201,4,1334824
1579,201,4,1334820
1580,201,8,1334811.75
1580,200,4,1334810.5
1581,199,4,1335014.5
1582,198,8,1335016
1583,197,4,1335020
1579,196,4,1335007.75
1576,195,8,1334991.75
1575,195,4,1334970.5
1574,195,4,1334969.25
1573,195,4,1334966.5
1572,196,4,1334922.5
1571,196,4,1334943.75
1570,197,4,1334941.25
1568,199,8,1334933.25
1567,201,4,1331606.5
1567,203,4,1331610.5
1567,204,4,1331621.25
1568,204,4,1334874.5
1567,204,4,1331621.25
1566,203,4,1331611.75
1564,202,8,1331614.5
1561,200,4,1331585.25
1559,199,4,1331498.5
1557,197,8,1331490.5
1555,195,4,1331466.5
1553,192,4,1331459.75
1551,191,8,1331114.5
1550,189,4,1331111.75
1551,188,4,1331109.25
1552,187,4,1330277.25
1553,186,4,1330279.75
1553,186,4,1330279.75
1555,186,4,1330273.25
1556,186,8,1330292
1557,185,4,1330290.5
1558,184,4,1330302.5
1559,182,8,1330307.75
1560,181,4,1330387.75
1560,181,4,1330387.75
1559,180,4,1330309.25
1558,179,4,1330361.25
1557,179,4,1330358.5
1556,179,4,1330357.25
1556,179,3.89999999944121,1330357.25
1556,179,4,1330357.25
1555,180,4,1330335.75
1555,181,4,1330334.5
1555,181,4,1330334.5
1557,183,4,1330318.5
1559,184,4,1330303.75
1562,185,4,1330215.75
1563,185,4,1330212
1566,186,4,1330194.5
1568,185,3.90000000037253,1330115.75
1570,185,4,1330125.25
1574,184,3.89999999944121,1330132
1576,184,4,1329962.5
1580,183,3.90000000037253,1329989.25
1583,183,7.79999999981374,1329984
1585,181,4,1329682.5
1586,181,3.90000000037253,1329693.25
1588,180,7.79999999981374,1329696
1590,179,3.90000000037253,1329715.75
1593,179,4,1329734.5
1595,181,7.79999999981374,1329780
1597,182,3.89999999944121,1329773.25
1598,184,3.90000000037253,1329812
1600,185,7.90000000037253,1340777.25
1599,186,3.89999999944121,1329817.25
1599,187,3.90000000037253,1329818.5
1599,188,7.89999999944121,1329829.25
1599,189,3.90000000037253,1329830.5
1599,191,3.90000000037253,1329834.5
1598,193,7.89999999944121,1335293.25
1598,195,3.90000000037253,1335289.25
1596,195,3.89999999944121,1335285.25
1597,197,3.90000000037253,1335240
1596,197,3.90000000037253,1335243.75
1596,199,4,1335247.75
1596,200,3.89999999944121,1335226.5
1597,200,3.90000000037253,1335227.75
1597,201,3.89999999944121,1335224
1596,202,3.90000000037253,1335222.5
1596,201,4,1335225.25
1594,202,3.90000000037253,1335176
1593,202,3.89999999944121,1335181.25
1591,202,3.90000000037253,1335153.25
1589,202,3.89999999944121,1335159.75
1586,203,4,1335115.75
1582,203,3.90000000037253,1334801.25
1579,203,3.90000000037253,1334816
1578,205,3.89999999944121,1334839.75
1577,206,3.90000000037253,1334845.25
1575,207,4,1334848
1574,209,3.89999999944121,1334717.25
1574,210,7.80000000074506,1334712
1574,212,4,1334662.5
1574,213,3.89999999944121,1334663.75
1573,214,7.79999999981374,1334669.25
1574,215,3.90000000037253,1334657.25
1575,216,4,1334655.75
1576,218,7.79999999981374,1334572
1576,218,3.90000000037253,1334572
1575,217,3.89999999944121,1334652
1575,217,7.90000000037253,1334652
1574,217,4,1334653.25
1572,218,4,1334644
1571,217,8,1334638.5
1571,217,4,1334638.5
1572,217,4,1334643.75
1571,217,8,1334638.5
1571,216,4,1334639.75
1570,215,4.09999999962747,1334675.75
1571,214,4,1334673.25
1572,214,4,1334668
1571,214,4,1334673.25
1573,213,4,1334664
1575,212,4,1334661.25
1575,210,4,1334715.75
1576,208,4.10000000055879,1334720
1578,207,4,1334843.75
1580,206,4,1334790.5
1583,206,4,1334785.25
1585,206,4,1335127.75
1588,205,4,1335139.75
1589,204,4,1335137.25
1592,204,4.09999999962747,1335184
1594,203,4,1335179.75
1597,203,8,1335220
1600,203,4,1335375.75
561,288,88.2999999998137,893353.25
560,288,4.10000000055879,893354.5
560,290,4,893356
559,291,4,893520
557,294,4,893511.75
555,294,4,893561.25
556,293,4,893513.25
555,295,4,893562.5
553,296,4.09999999962747,893483.75
553,297,4,893480
552,295,4,893567.75
551,294,4,893569.25
550,294,4,893570.5
550,295,4,893571.75
549,295,4,893572
549,294,4,893575.75
549,294,4,893575.75
548,294,4,893574.5
547,292,4,893621.25
546,290,8,893602.5
544,288,4,893610.5
543,288,4,894975.75
