x,y,t,h
980,484,4,789792
980,479,4,788559.75
984,483,8,789829.25
983,481,3.89999999999418,789822.5
986,484,4,789878.5
986,477,8,788535.75
988,477,4,788489.25
989,477,4,788488
990,481,8,789847.75
990,482,4,789848
990,478,4,788482.5
991,478,4,788481.25
991,482,4,789849.25
990,482,4,789848
989,480,4,789843.75
988,479,4,788485.25
988,484,4,789856
987,484,4,789877.25
986,485,4,789879.75
984,485,4,789883.75
984,487,3.89999999999418,789887.75
983,487,4,789802.5
981,491,4,789982.5
981,492,4,789963.75
982,494,4,789954.5
981,495,4,789956
981,495,4,789956
982,493,4,789965.25
982,490,4,789970.5
984,491,4,789893.25
984,490,8,789892
984,491,4,789893.25
985,493,4,789944
986,494,8,789938.5
987,494,4,789939.75
987,495,4,789936
987,496,7.89999999999418,790095.75
989,496,4,790099.75
989,500,4,790115.75
989,497,8,790098.5
988,498,4,790110.5
989,497,4,790098.5
990,494,8,789928
991,494,4,789929.25
991,495,4,789930.5
991,491,8,789914.5
991,490,4,789913.25
991,489,4,789910.5
989,489,8,789906.5
988,487,4,789871.75
988,491,4,789919.75
988,493,8,789921.25
986,497,4,790093.25
985,499,4,790086.5
984,501,4,790139.75
984,503,4,790143.75
983,506,4,790227.75
982,508,4,790220
980,510,4,790214.5
980,512,4,785168
980,514,4,785182.5
979,515,4,785162.5
978,515,8,785161.25
979,514,4,785163.75
978,514,4,785160
978,514,8,785160
976,514,4,785156
977,513,4,785154.5
977,513,7.89999999999418,785154.5
977,512,4,785153.25
977,512,4,785153.25
977,511,8,790268
977,512,4,785153.25
977,513,4,785154.5
978,515,8,785161.25
978,516,4.10000000000582,785206.5
977,518,4,785213.25
977,520,4,785219.75
976,521,8,785217.25
977,522,4,785229.25
977,524,4,785233.25
977,525,4,785234.5
977,526,4,785239.75
889,659,39.8000000000175,752750.5
886,662,3.89999999999418,752770.5
885,660,3.79999999998836,752779.75
883,657,3.89999999999418,752804
881,662,3.90000000002328,752829.25
879,665,3.89999999999418,752916
880,668,3.79999999998836,752890.5
880,668,3.89999999999418,752890.5
879,668,7.70000000001164,752911.75
881,665,3.89999999999418,752834.5
882,666,3.89999999999418,752840
882,667,7.70000000001164,752841.25
881,666,3.89999999999418,752839.75
883,665,3.89999999999418,752844
882,666,7.70000000001164,752840
880,667,3.89999999999418,752837.25
881,668,3.89999999999418,752889.25
880,668,7.70000000001164,752890.5
883,669,3.89999999999418,752884
884,670,3.89999999999418,752878.5
882,671,7.70000000001164,752881.25
881,671,3.89999999999418,752894.5
881,674,3.89999999999418,752551.75
882,674,3.80000000001746,752546.5
880,676,3.89999999999418,752538.5
882,677,3.89999999999418,752541.25
885,679,3.80000000001746,752526.5
886,678,3.89999999999418,752514.5
887,679,3.89999999999418,752512
888,680,3.89999999999418,752426.5
889,680,3.80000000001746,752425.25
891,680,3.89999999999418,752421.25
893,679,3.89999999999418,752614.5
893,678,3.79999999998836,752615.75
894,678,3.90000000002328,752616
897,678,3.89999999999418,732221.25
896,678,3.89999999999418,732220
896,679,3.79999999998836,732223.75
895,682,3.90000000002328,752403.75
893,685,3.89999999999418,752392
893,686,3.89999999999418,752391.75
890,688,3.79999999998836,752364
889,692,3.90000000002328,752347.75
888,693,3.89999999999418,752345.25
888,693,3.79999999998836,752345.25
886,694,3.89999999999418,752168
885,693,7.80000000001746,752162.5
888,692,3.79999999998836,752346.5
887,694,3.89999999999418,752169.25
887,691,8,752154.5
888,694,4,752342.5
886,697,4,752253.25
887,694,8,752169.25
887,693,3.90000000002328,752166.5
886,693,4,752167.75
885,696,8,752251.75
886,695,4,752171.75
885,699,4,752244
882,698,8,752200
882,700,4,752222.5
530,628,55.7999999999884,529974.5
534,625,4,529943.75
534,625,4,529943.75
541,621,4,530184
535,620,4,530245.25
537,619,4,530222.5
536,618,3.89999999999418,530220
534,619,8,530297.25
535,617,4,530300
538,617,4,530215.75
541,620,8,530187.75
542,624,4,530174.5
544,620,4,530672
545,624,7.89999999999418,530689.25
544,626,4,530692
544,625,4,530691.75
544,624,8,530688
546,620,4,530676
547,616,4,530661.25
546,606,8,531794.5
546,611,3.90000000002328,530443.75
546,617,4,530663.75
545,609,8,530434.5
544,603,4,531813.25
543,601,4,529046.5
545,598,8,531863.75
544,594,4,531878.5
543,592,4,528981.25
540,593,8,528977.25
540,596,4,528992
540,598,4,529006.5
539,595,4,528970.5
540,593,4,528977.25
541,592,4,528979.75
541,591,4,528812
541,590,8,528813.25
540,589,4,528801.25
539,589,4,528820
540,593,4,528977.25
541,594,4,528989.25
540,596,4,528992
540,594,4,528990.5
540,596,8,528992
538,599,4,529009.25
536,597,4,529019.75
536,596,8,529018.5
535,594,4,528945.25
535,594,4,528945.25
536,591,8,528831.75
536,590,4,528828
536,587,4,528773.25
536,588,4,528826.5
535,585,4,528852
534,584,4,528854.5
535,582,4,528683.75
535,582,8,528683.75
534,582,4,528680
535,583,3.89999999999418,528682.5
535,583,8,528682.5
874,507,56,846627.75
879,506,4,846651.75
880,502,4,846356
882,497,4,846343.75
881,497,3.89999999999418,846338.5
884,493,3.89999999999418,846281.25
886,491,3.89999999999418,846289.25
884,490,4,846300
883,488,7.80000000001746,846309.25
884,487,3.89999999999418,846117.25
885,485,4,846114.5
885,484,7.79999999998836,846113.25
884,484,3.90000000002328,846112
884,484,4,846112
882,484,7.79999999998836,846110.5
884,483,3.89999999999418,846133.25
882,483,4,846091.75
883,481,7.80000000001746,846086.5
882,481,3.89999999999418,846087.75
883,481,4,846086.5
883,479,7.79999999998836,845562.5
883,479,3.89999999999418,845562.5
884,479,4,845509.25
885,478,3.90000000002328,845511.75
886,478,3.89999999999418,845506.5
885,477,4,845512
887,476,3.89999999999418,845519.75
888,474,3.89999999999418,845444
888,476,3.89999999999418,845498.5
887,475,4,845520
887,474,3.90000000002328,845523.75
884,475,3.89999999999418,845535.75
886,475,3.89999999999418,845521.25
885,474,4,845533.25
884,473,3.89999999999418,845531.75
927,276,51,813295.75
933,273,3.89999999999418,812856
933,274,4,812855.75
936,265,7.80000000001746,812585.25
937,253,3.89999999999418,1022354.5
938,246,4,1022418.5
936,248,7.79999999998836,1022336
934,246,3.90000000002328,1022248
934,239,4,1022147.75
929,240,8,1022209.25
929,234,4,1022189.25
929,233,4,1022184
927,230,8,1021931.75
931,228,4,1021983.75
931,228,4,1021983.75
932,232,4,1022170.5
934,232,4,1022166.5
935,232,4,1022165.25
940,231,4.09999999997672,1022063.75
940,231,4,1022063.75
943,232,4,1022101.25
945,233,4,1022824
947,233,4,1022830.5
948,234,4,1022836
947,235,4,1022816
946,237,4,1022813.25
945,237,4,1022808
945,237,4,1022808
945,238,4,1022807.75
945,237,4,1022808
945,237,4,1022808
944,238,4,1022806.5
945,237,4,1022808
945,237,4,1022808
946,238,8.10000000000582,1022802.5
947,241,4,1022476
947,239,4,1022800
948,240,8,1022480
948,242,4,1022494.5
1474,128,60.1000000000058,1252006.5
1475,130,4,1252003.75
1473,132,4,1252019.75
1471,128,4,1254741.25
1473,136,4,1252033.25
1473,137,4,1252034.5
1472,135,4,1252031.75
1472,137,4,1252035.75
1470,138,4,1254712
1469,143,4,1254670.5
1468,146,4,1254646.5
1467,149,4,1254620
1464,156,4,1254448
1463,157,4,1254468
1462,161,4,1254167.75
1461,162,4,1254173.25
1460,165,4,1254177.25
1460,168,4,1254266.5
1459,169,4,1254214.5
1459,171,4,1254218.5
1460,170,4,1254262.5
1458,171,4,1254219.75
1455,171,8,1253904
1456,174,4,1254228
1455,172,4,1253903.75
1455,173,8,1253902.5
1454,172,4,1253900
1454,170,4,1253906.5
1453,169,8,1253912
1452,167,4,1254117.25
1452,166,4,1254116
1452,166,8,1254116
1452,165,4,1254115.75
1454,164,4,1254126.5
1454,161,8,1254141.25
1454,161,4,1254141.25
1455,159,4,1255338.5
1455,159,8,1255338.5
1456,158,4,1254486.5
1456,158,4,1254486.5
1456,159,8,1254485.25
1454,158,4,1255336
1452,158,4,1255342.5
1451,157,8,1255348
1450,156,4,1255350.5
1449,157,4,1255352
1447,156,8,1255375.75
1446,155,4,1255377.25
1445,153,4,1255384
1443,153,4,1255396
1442,153,4,1255399.75
1442,152,4,1255398.5
1442,151,8,1255193.25
1441,151,4,1255190.5
1441,150,4.10000000000582,1255191.75
1440,150,4,1255188
1440,149,8,1255187.75
1440,149,4,1255187.75
1439,149,4,1255660
1439,150,8,1255659.75
1439,149,3.89999999999418,1255660
1438,149,3.89999999999418,1255661.25
1438,150,7.89999999999418,1255656
1438,151,3.90000000002328,1255657.25
1436,151,4,1255653.25
1435,154,7.79999999998836,1255459.75
1434,154,4,1255458.5
1433,155,3.89999999999418,1255470.5
1432,159,3.89999999999418,1255487.75
1431,161,4,1256766.5
1431,162,3.90000000002328,1256753.25
1431,164,3.89999999999418,1256751.75
1430,165,4,1256749.25
1430,165,3.89999999999418,1256749.25
1429,166,4,1256743.75
1430,166,3.89999999999418,1256744
1430,166,3.89999999999418,1256744
1431,165,4,1256748
1432,165,3.90000000002328,1256827.75
1433,163,3.89999999999418,1256774.5
1434,161,4,1256781.25
1434,159,3.89999999999418,1255483.75
1433,157,3.89999999999418,1255474.5
1432,156,4,1255472
1433,154,3.89999999999418,1255469.25
1433,154,3.90000000002328,1255469.25
1433,154,4,1255469.25
1433,153,3.89999999999418,1255464
1432,153,3.89999999999418,1255467.75
1432,152,4,1255466.5
1433,152,3.89999999999418,1255465.25
1435,151,7.89999999999418,1255642.5
1435,150,3.90000000002328,1255643.75
1438,150,4,1255656
1440,151,7.79999999998836,1255189.25
1440,151,4,1255189.25
1442,150,3.89999999999418,1255192
1443,151,7.89999999999418,1255194.5
1444,151,3.90000000002328,1255205.25
1446,153,3.89999999999418,1255383.75
1446,153,7.89999999999418,1255383.75
1446,154,3.89999999999418,1255378.5
1445,156,4,1255371.75
1445,157,7.80000000001746,1255368
1444,156,4,1255370.5
1443,154,3.89999999999418,1255395.75
1443,155,7.89999999999418,1255392
1441,154,3.89999999999418,1255405.25
1441,154,4,1255405.25
1440,155,3.89999999999418,1255407.75
1438,155,4,1255441.25
1436,157,4,1255433.25
1433,155,4,1255470.5
1432,153,4,1255467.75
1431,156,4,1255493.25
1430,156,4,1255494.5
1429,159,4,1255502.5
1427,158,4,1255505.25
1428,159,3.90000000002328,1255503.75
1427,157,4,1255518.5
1426,154,4,1255522.5
1428,152,4,1255536
1429,147,4,1255606.5
1431,145,4,1255612
1432,143,4,1255701.25
1433,140,4,1255707.75
1434,139,4,1255715.75
1437,137,4,1255730.5
1438,136,8,1255742.5
1440,134,4,1255102.5
1441,133,4,1255090.5
1444,132,8,1255050.5
1443,132,4,1255093.25
1445,133,4,1255048
1445,134,8,1255047.75
1444,135,4,1255045.25
1445,138,4,1255133.25
1444,138,7.89999999999418,1255134.5
1443,138,4,1255115.75
1604,197,52,1335329.25
1606,200,4,1335420
1609,201,4,1335426.5
1613,203,4,1335476
1613,205,4,1335458.5
1614,207,4,1335465.25
1614,207,4,1335465.25
1615,208,4,1336149.25
1615,210,3.89999999999418,1336147.75
1615,213,4,1336142.5
1615,213,4,1336142.5
1616,213,4,1335827.75
1616,211,8,1335823.75
1616,212,4,1335824
1614,209,4,1336151.75
1615,207,8,1335466.5
1615,204,4,1335471.75
1616,204,4,1335792
1615,203,8,1335472
1614,202,4,1335474.5
1613,199,4,1335502.5
1613,198,8,1335501.25
1611,198,4,1335505.25
1609,200,4,1335427.75
1608,199,8,1335509.25
1607,201,4,1335422.5
1608,202,4,1335438.5
1608,204,8,1335440
1609,204,4,1335441.25
1609,204,4,1335441.25
1610,203,4.10000000000582,1335435.75
1611,205,4,1335452
1611,206,4,1335451.75
1612,206,4,1335460
1613,206,4,1335463.75
1613,208,4,1336153.25
1613,208,4,1336153.25
1613,208,4,1336153.25
1612,207,4,1335461.25
1611,208,4,1336165.25
1609,208,4,1336169.25
1608,209,4,1336171.75
1607,210,4,1336211.75
1607,210,4,1336211.75
1606,211,4,1336209.25
1604,208,4,1336218.5
1605,206,4,1335399.75
1607,201,4,1335422.5
1607,199,4,1335338.5
1607,195,8,1335322.5
1608,191,4,1340735.75
1609,193,4,1335528
1289,565,76,1945458.5
1288,567,4,1945471.75
1286,567,8,1945475.75
1283,568,4,1945551.75
1280,572,4,1945594.5
1278,574,4,1986562.5
1277,575,4,1986574.5
1275,576,4,1986501.25
1273,577,4,1986498.5
1271,577,4,1986492
1269,575,4,1986796
1267,575,4,1986800
1266,575,4,1986801.25
1265,576,4,1986475.75
1263,578,4,1985625.25
1262,579,4,1985627.75
1260,583,4,1985647.75
1258,587,8,1985673.25
1257,590,4,1985725.25
1257,592,4,1986027.75
1256,595,4,1986021.25
1255,597,4,1985830.5
1256,601,4,1985921.25
1255,603,4,1985904
1254,604,8,1985902.5
1254,605,4,1985901.25
1253,608,4,1983129.25
1253,608,8,1983129.25
1252,609,4,1983131.75
1252,608,4,1983130.5
1250,611,8,1983137.25
1250,613,4,1983159.75
1250,614,4,1983160
1249,613,8,1983154.5
1249,613,4,1983154.5
1247,615,4,1984448
1248,617,4,1983171.75
1247,614,4,1984451.75
1248,615,4,1983167.75
1248,615,4,1983167.75
1249,616,4,1983169.25
1249,613,4,1983154.5
1249,612,4,1983155.75
1249,612,4,1983155.75
1249,611,4,1983150.5
1248,611,3.89999999999418,1983151.75
1248,609,3.89999999999418,1983147.75
1248,607,3.89999999999418,1985877.25
1250,606,4,1985880
1250,605,3.90000000002328,1985885.25
1251,604,3.89999999999418,1985887.75
1250,603,4,1985867.75
1249,605,3.89999999999418,1985874.5
1250,605,3.89999999999418,1985885.25
1249,603,4,1985868
1249,602,7.80000000001746,1985869.25
1248,602,4,1985870.5
1249,600,3.89999999999418,1985859.75
1252,601,7.79999999998836,1985913.25
1251,601,4,1985862.5
997,440,66.8000000000175,801147.75
997,437,3.89999999999418,801058.5
992,439,4,801087.75
996,435,3.89999999999418,801055.75
993,433,3.89999999999418,801026.5
991,433,4,800508
989,434,3.89999999999418,800503.75
990,434,3.90000000002328,800504
990,435,4,800505.25
992,435,3.89999999999418,801029.25
993,434,3.89999999999418,801031.75
992,437,3.89999999999418,801083.75
993,435,4,801030.5
996,434,3.89999999999418,801054.5
996,433,3.90000000002328,801041.25
998,430,4,800962.5
998,425,3.89999999999418,800983.75
999,421,3.89999999999418,800812
999,421,4,800812
998,421,3.89999999999418,800813.25
996,421,7.89999999999418,800803.75
995,422,3.90000000002328,800795.75
995,421,4,800796
995,423,8,800794.5
994,422,4,800792
993,423,4,800790.5
992,426,8,801004
992,427,4,801007.75
991,428,4,800527.75
991,427,8,800528
990,424,4,800534.5
990,421,4,800749.25
990,424,8,800534.5
990,420,4,800750.5
990,421,4,800749.25
990,421,8,800749.25
990,419,4,800755.75
988,417,4,800761.25
988,418,4,800758.5
988,418,4,800758.5
987,419,4,800714.5
987,423,4,800730.5
987,426,4,800547.75
987,427,4,800544
986,428,4,800564
987,428,4,800565.25
987,427,4,800544
987,429,4,800566.5
987,430,4,800569.25
987,431,4,800570.5
986,430,3.89999999999418,800568
986,430,4,800568
986,429,4,800567.75
988,426,4,800540
987,425,4,800548
987,425,4,800548
986,427,4,800545.25
986,428,8,800564
986,430,4,800568
668,984,92,627344
662,986,4,627410.5
659,979,4,627210.5
660,982,4,627236
659,985,4,627428
656,988,4,627440
657,989,4,627442.5
657,988,4,627443.75
656,991,4,627455.75
654,995,4,627803.75
656,995,4,628645.25
657,993,4,628648
660,989,4,627401.25
661,993,4,628658.5
660,992,8,628656
658,992,4,628652
659,991,4,627450.5
659,991,8,627450.5
659,992,4,628655.75
660,992,4,628656
661,988,8,627403.75
663,987,4,627408
660,991,4,627397.25
659,993,8,628654.5
660,993,4,628659.75
657,993,4,628648
659,995,8,628640
658,995,4,628643.75
656,996,4,628634.5
656,996,8,628634.5
653,997,4,627810.5
652,998,4,627822.5
653,996,8,627811.75
654,996,4,627812
655,997,4,627814.5
658,997,4,628637.25
663,995,4,628666.5
661,996,4,628617.25
661,997,3.89999999999418,628616
660,997,8,628619.75
659,996,4,628639.75
658,995,4,628643.75
658,996,4,628636
659,994,4,628641.25
655,993,4,627798.5
655,990,4,627459.75
653,990,3.89999999999418,627469.25
650,991,3.89999999999418,627475.75
649,993,3.90000000002328,627778.5
649,991,4,627476
649,990,7.79999999998836,627479.75
650,989,4,627485.25
651,991,3.89999999999418,627472
653,990,7.89999999999418,627469.25
651,993,3.90000000002328,627788
654,993,3.89999999999418,627799.75
653,994,3.89999999999418,627805.25
653,995,4,627804
653,997,3.89999999999418,627810.5
653,995,3.89999999999418,627804
651,995,7.90000000002328,627786.5
651,998,3.89999999999418,627827.75
1080,996,62.8999999999942,2095482.5
1084,996,3.89999999999418,2095456
1090,996,4,2082460
1093,995,3.89999999999418,2082486.5
1097,995,3.90000000002328,2082508
1098,997,4,2082525.25
1099,997,3.89999999999418,2082524
1097,997,3.89999999999418,2082514.5
1095,998,3.89999999999418,2082435.75
1095,998,4,2082435.75
1093,999,3.89999999999418,2082446.5
1093,1000,3.90000000002328,2082417.25
1092,1001,4,2082419.75
1092,1002,7.79999999998836,2082420
1090,1003,4,2082403.75
1090,1004,3.89999999999418,2082396
1091,1004,7.80000000001746,2082399.75
1091,1004,4,2082399.75
1094,1005,3.89999999999418,2082375.75
1094,1004,8,2082374.5
1095,1002,4,2082427.75
1095,1001,4,2082428
1096,1000,8,2082346.5
1096,1001,4,2082347.75
1094,1000,4,2082430.5
1093,999,8,2082446.5
1092,1000,4,2082416
1089,1002,4,2082407.75
1089,1002,4,2082407.75
1086,1004,4,2095524
1085,1006,4,2095533.25
1084,1008,4,2095696
1084,1008,4,2095696
1085,1009,4,2095698.5
1085,1008,4,2095699.75
1087,1007,4,2095530.5
1087,1008,3.89999999999418,2095701.25
1090,1006,4,2082386.5
1092,1003,4,2082421.25
1093,1001,4,2082418.5
1095,1000,4,2082431.75
1097,999,4,2082518.5
1098,998,4,2082520
1098,997,4,2082525.25
1097,997,4,2082514.5
1097,995,4,2082508
1098,996,4,2082526.5
1099,995,8,2082506.5
1098,992,4,2082500
1098,993,4,2082503.75
1095,995,8,2082490.5
1095,994,4,2082491.75
1090,996,4,2082460
1089,995,8,2082468
1063,806,56,2033705.25
1061,812,4,2033761.25
1060,810,4,2033782.5
1056,833,4,2039465.25
1056,818,4,2034604
1054,822,4,2034920
1059,809,4,2033734.5
1060,804,4,2033696
1062,803,4,2033691.75
1063,799,4,2033642.5
1066,800,4,2033900
1068,795,4,2033461.25
1070,791,4,2033475.75
1071,790,4,2033473.25
1074,786,4,2033160
1071,793,4,2033468
1069,791,4,2033476
1069,794,4,2033463.75
1064,797,4,2033433.25
1065,799,4,2033428
1061,802,8,2033693.25
1060,804,4,2033696
1056,806,4,2033724
1055,809,8,2035004
1051,812,4,2034975.75
1048,815,4,2034965.25
1049,812,8,2034971.75
1048,817,4,2034881.25
1048,817,4,2034881.25
1052,814,8,2034956
1049,814,3.89999999999418,2034967.75
1050,814,4,2034962.5
1051,808,8,2034991.75
1050,813,4,2034973.25
1051,813,4,2034974.5
1053,813,8,2034952
1054,814,4,2034946.5
1056,800,4,2033664
1059,804,4,2033717.25
1065,800,4,2033899.75
1064,797,4,2033433.25
1064,798,4,2033430.5
1068,792,4,2033456
1070,789,4,2033485.25
1068,791,4,2033477.25
1067,797,4,2033438.5
1067,797,4,2033438.5
1067,792,4,2033455.75
1065,790,4,2033533.25
1062,795,4,2033627.75
1060,788,4,2033546.5
1060,788,4,2033546.5
1059,787,4,2033568
1057,786,4,2033581.25
1059,782,4,2032731.75
1059,782,4,2032731.75
1063,778,4,2032753.25
1064,777,8,2032769.25
1068,776,4,2032826.5
1070,777,4,2032829.25
1071,773,8,2032836
1073,775,4,2032918.5
1075,776,4,2033125.25
1077,775,8,2032934.5
1079,775,4,2032938.5
1078,777,4,2033111.75
1079,776,8,2033109.25
1081,774,4,2033021.25
1082,773,4,2033015.75
1081,771,4,2032966.5
1080,769,8,2032963.75
1079,770,4,2032945.25
1080,767,4,2027541.25
1077,764,4,2027747.75
1074,766,4,2027762.5
1073,763,4,2027718.5
1071,761,4,2027796
1069,763,4,2027806.5
1067,765,4,2027830.5
1065,764,4,2027827.75
1064,762,4,2027820
1066,763,4,2027809.25
1066,763,4,2027809.25
1066,764,4,2027828
1069,766,4,2027783.75
1072,766,4,2027772
1075,768,4,2032901.25
1075,768,4,2032901.25
1075,767,4,2027760
1075,765,4,2027764
1074,769,4,2032903.75
1074,768,4,2032900
1070,772,4,2032838.5
1069,773,4,2032840
1071,770,4,2032891.75
1071,771,4,2032890.5
1069,767,8,2027780
1070,767,4,2027779.75
1053,691,43.8000000000175,2017014.5
1050,687,4,2017083.75
1047,683,3.89999999999418,2017146.5
1044,681,7.79999999998836,2017139.75
1042,680,4,2017132
1041,679,3.89999999999418,2017172
1041,680,3.90000000002328,2017131.75
1040,682,3.89999999999418,2017126.5
1039,684,4,2016421.25
1039,684,3.89999999999418,2016421.25
1037,685,3.89999999999418,2016418.5
1038,686,4,2016424
1036,685,3.89999999999418,2016417.25
1037,682,3.90000000002328,2016413.25
1038,681,3.89999999999418,2016407.75
1038,683,4,2016411.75
1039,679,3.89999999999418,2016362.5
1039,681,3.89999999999418,2016406.5
1041,678,3.89999999999418,2017175.75
1044,676,4,2017162.5
1044,673,3.90000000002328,2017203.75
1046,675,3.89999999999418,2017209.25
1046,674,3.89999999999418,2017208
1044,676,4,2017162.5
1042,677,3.89999999999418,2017181.25
1040,680,7.89999999999418,2017130.5
1040,681,3.90000000002328,2017129.25
1039,682,3.89999999999418,2016409.25
1038,681,7.89999999999418,2016407.75
1037,682,3.89999999999418,2016413.25
1036,682,3.89999999999418,2016414.5
1036,682,7.90000000002328,2016414.5
1036,680,3.89999999999418,2016400
1038,679,3.89999999999418,2016363.75
1041,679,7.89999999999418,2017172
1045,679,3.89999999999418,2017166.5
1049,677,3.90000000002328,2017234.5
1054,676,7.89999999999418,2017262.5
1057,677,3.89999999999418,2017298.5
1059,678,3.89999999999418,2017307.75
1062,677,7.89999999999418,2017325.25
1063,675,3.90000000002328,2017328
1065,677,3.89999999999418,2017400
1066,678,4,2017394.5
1067,680,3.89999999999418,2017423.75
1069,679,3.89999999999418,2017388
1068,679,3.89999999999418,2017391.75
1067,680,4,2017423.75
1067,680,3.90000000002328,2017423.75
1068,681,3.89999999999418,2017425.25
1068,681,4,2017425.25
1069,679,4,2017388
1068,682,4,2017438.5
1071,680,4,2017429.25
1069,680,4,2017427.75
1068,679,4,2017391.75
1067,679,4,2017392
1065,679,4,2017406.5
1066,675,4,2017353.25
1065,674,4,2017351.75
1064,670,4,2018622.5
1063,666,4,2018683.75
1060,667,8,2018677.25
1058,666,4,2018658.5
1057,667,4,2018660
1057,666,8,2018663.75
1055,666,4,2015897.25
1054,666,4,2015896
1054,666,8,2015896
1050,667,4,2015881.25
1047,666,4,2015955.75
1044,664,8,2015962.5
1042,662,4,2015768
1043,660,4,2015775.75
1042,659,8,2015755.75
1040,655,4,2015743.75
1039,661,4,2016078.5
1038,661,8,2016077.25
1038,663,4,2016067.75
1039,665,4,2016060
1039,666,8,2016059.75
1041,671,4,2015996
1043,670,4,2015993.25
1045,671,4,2015940
1045,672,4,2017201.25
1046,672,4,2017214.5
1047,672,4,2017215.75
1048,670,8,2015932
1050,670,4,2015922.5
1051,668,4,2015925.25
1050,669,4,2015927.75
1051,668,4,2015925.25
1050,667,4,2015881.25
1049,669,4,2015928
1048,669,8,2015931.75
1046,669,4,2015949.25
1044,669,4,2015945.25
1041,669,8,2015986.5
1041,667,4,2015982.5
1037,664,4,2016049.25
1037,662,7.89999999999418,2016071.75
1037,661,3.89999999999418,2016072
1035,658,3.89999999999418,2016099.75
1034,659,4,2016097.25
1035,661,3.90000000002328,2016118.5
1033,658,3.89999999999418,2016109.25
1034,662,4,2016120
1034,664,7.79999999998836,2016044
1036,663,4,2016069.25
1037,667,3.89999999999418,2016054.5
1037,670,7.90000000002328,2016013.25
1038,671,3.89999999999418,2016001.25
1039,671,3.89999999999418,2016000
1039,674,4,2016345.25
1041,673,3.89999999999418,2017192
1042,673,3.89999999999418,2017197.25
1042,675,4,2017187.75
1043,675,3.90000000002328,2017184
1042,675,3.89999999999418,2017187.75
1044,676,4,2017162.5
1042,674,3.89999999999418,2017186.5
1043,672,3.89999999999418,2017199.75
1042,670,4,2015992
1041,665,3.89999999999418,2015976
1039,662,3.90000000002328,2016065.25
1038,657,4,2016087.75
1038,654,3.89999999999418,2015400
1038,652,3.89999999999418,2015406.5
1038,649,4,2015421.25
1038,646,3.89999999999418,2015426.5
1036,641,3.89999999999418,2015475.75
1037,640,4,2015473.25
1035,641,7.80000000001746,2015470.5
1036,643,4,2015477.25
1037,646,3.89999999999418,2015437.25
1039,655,7.89999999999418,2015402.5
1039,659,3.89999999999418,2016080
1039,664,3.90000000002328,2016063.75
1040,667,7.89999999999418,2015983.75
1040,671,3.89999999999418,2015999.75
1041,673,4,2017192
1044,676,7.79999999998836,2017162.5
1044,678,4,2017164
1047,679,3.90000000002328,2017152
1047,681,7.89999999999418,2017148
1049,681,3.89999999999418,2017064
1049,679,3.89999999999418,2017238.5
